AU = 1.49597870691e11/1e3; %km

x=15e7;
y = 6e3;
z = 1450;

vx = 0.00075;
vy = 0.08;
vz = 0.019;

t = 450;