ASEN5090_GNSS/Homework/HW7/jplg0790.14i
     1.0            IONOSPHERE MAPS     GPS                 IONEX VERSION / TYPE
GIM V3.0            JPL - GNISD         23-mar-2014 01:16   PGM / RUN BY / DATE 
JPL'S GLOBAL IONOSPHERE MAPS YEAR 2014 DAY 079              COMMENT             
Global Ionospheric Maps (GIM) are generated on an hourly    DESCRIPTION         
and daily basis at JPL using data from up to 100 GPS sites  DESCRIPTION         
of the IGS and others institutions.                         DESCRIPTION         
The vertical TEC is modeled in a solar-geomagnetic          DESCRIPTION         
reference frame using bi-cubic splines on a spherical grid. DESCRIPTION         
A Kalman filter is used to solve simultaneously for         DESCRIPTION         
instrumental biases and VTEC on the grid (as stochastic     DESCRIPTION         
parameters).                                                DESCRIPTION         
Contact Address:  gpsiono@cobra.jpl.nasa.gov .              DESCRIPTION         
  2014     3    20     0     0     0                        EPOCH OF FIRST MAP  
  2014     3    21     0     0     0                        EPOCH OF LAST MAP   
  7200                                                      INTERVAL            
    13                                                      # OF MAPS IN FILE   
  NONE                                                      MAPPING FUNCTION    
    10.0                                                    ELEVATION CUTOFF    
One-way carrier phase leveled to code                       OBSERVABLES USED    
   170                                                      # OF STATIONS       
    31                                                      # OF SATELLITES     
  6371.0                                                    BASE RADIUS         
     2                                                      MAP DIMENSION       
   450.0 450.0   0.0                                        HGT1 / HGT2 / DHGT  
    87.5 -87.5  -2.5                                        LAT1 / LAT2 / DLAT  
  -180.0 180.0   5.0                                        LON1 / LON2 / DLON  
    -1                                                      EXPONENT            
TEC/RMS values in 0.1 TECU; 9999, if no value available     COMMENT             
                                                            END OF HEADER       
[from data line 4719]
    12                                                      START OF TEC MAP    
  2014     3    20    22     0     0                        EPOCH OF CURRENT MAP
    87.5-180.0 180.0   5.0 450.0                            LAT/LON1/LON2/DLON/H
  248  249  249  250  251  252  253  254  255  256  258  259  260  261  263  264
  265  266  267  268  268  269  270  270  271  271  271  271  272  271  271  271
  271  270  270  269  268  267  266  265  264  262  261  260  258  257  256  254
  253  252  251  250  249  248  247  247  246  246  246  245  245  245  245  245
  245  245  246  246  246  247  247  248  248
    85.0-180.0 180.0   5.0 450.0                            LAT/LON1/LON2/DLON/H
  246  247  248  249  251  253  255  258  260  263  266  269  272  274  277  279
  281  283  285  286  288  289  290  291  292  293  294  294  295  296  296  296
  295  295  294  292  291  289  286  284  281  278  275  272  269  265  262  259
  256  253  250  248  246  245  244  243  242  242  242  242  242  242  242  243
  243  243  244  244  244  244  245  245  246
    82.5-180.0 180.0   5.0 450.0                            LAT/LON1/LON2/DLON/H
  243  244  246  249  252  256  260  265  270  275  281  286  290  294  298  300
  303  304  306  307  308  308  309  310  312  313  315  316  318  319  320  321
  320  320  319  317  314  311  308  304  300  295  290  285  280  274  269  264
  259  254  250  246  243  240  239  237  237  237  237  238  239  240  241  242
  242  243  243  243  243  242  242  242  243
    80.0-180.0 180.0   5.0 450.0                            LAT/LON1/LON2/DLON/H
  240  242  245  249  255  262  270  279  288  296  305  312  318  323  326  328
  329  328  327  326  324  323  322  322  323  325  327  330  332  335  336  337
  338  337  335  333  330  326  321  316  311  305  299  292  286  278  271  264
  257  251  245  239  235  231  229  228  227  228  229  230  232  234  236  238
  239  240  240  240  239  239  239  239  240
    77.5-180.0 180.0   5.0 450.0                            LAT/LON1/LON2/DLON/H
  238  241  246  254  263  274  286  299  312  324  335  344  351  355  357  357
  354  350  345  339  333  327  324  322  322  323  326  330  333  337  339  341
  342  341  339  335  331  326  321  316  310  304  297  290  282  274  266  257
  248  240  232  225  219  215  211  210  209  210  212  214  217  220  224  227
  230  232  233  234  234  234  235  236  238
    75.0-180.0 180.0   5.0 450.0                            LAT/LON1/LON2/DLON/H
  239  245  253  263  276  291  306  323  339  354  367  377  384  387  387  383
  376  366  355  343  331  321  314  309  307  309  312  317  321  326  329  330
  330  328  325  321  317  312  307  301  296  289  283  275  267  259  249  239
  229  220  211  203  196  191  187  185  184  185  187  190  194  199  204  209
  214  218  222  226  228  231  233  236  239
    72.5-180.0 180.0   5.0 450.0                            LAT/LON1/LON2/DLON/H
  247  255  265  278  292  309  328  347  365  383  397  408  415  417  414  405
  393  377  360  343  326  311  299  292  288  288  292  297  302  305  307  306
  304  300  296  292  289  285  280  275  270  264  257  249  241  232  222  212
  202  192  183  175  168  163  159  157  157  158  161  164  169  175  182  189
  197  204  212  219  225  230  236  241  247
    70.0-180.0 180.0   5.0 450.0                            LAT/LON1/LON2/DLON/H
  261  271  282  296  311  329  349  369  390  409  425  436  443  443  436  424
  407  388  366  344  323  304  289  278  271  269  271  275  279  280  279  275
  270  264  259  255  252  249  246  242  237  230  223  215  207  198  189  179
  170  161  153  146  140  136  133  131  132  134  137  142  148  155  164  173
  183  194  205  216  226  236  244  252  261
    67.5-180.0 180.0   5.0 450.0                            LAT/LON1/LON2/DLON/H
  281  291  303  316  331  348  367  388  409  429  447  459  465  464  456  442
  424  402  378  354  330  308  290  276  266  260  259  259  259  257  252  244
  235  227  221  217  215  214  212  209  203  195  187  179  171  163  155  147
  139  132  126  121  116  113  112  112  114  117  122  128  135  144  153  165
  177  191  205  220  234  247  259  270  281
    65.0-180.0 180.0   5.0 450.0                            LAT/LON1/LON2/DLON/H
  303  315  326  337  349  364  381  400  421  442  461  474  481  481  473  460
  442  422  399  374  351  328  309  291  277  266  259  253  248  241  231  220
  207  197  189  186  186  186  185  181  174  165  156  147  140  133  126  120
  115  110  106  103  101  100  100  102  106  112  118  126  135  145  156  168
  182  197  213  230  246  263  278  291  303
    62.5-180.0 180.0   5.0 450.0                            LAT/LON1/LON2/DLON/H
  328  340  349  358  368  379  392  408  426  445  465  480  490  492  488  477
  463  445  425  404  382  361  341  321  302  285  271  258  247  234  220  205
  191  179  171  168  168  169  167  162  154  144  134  125  119  113  109  105
  101   99   96   95   95   95   98  101  107  114  123  133  144  156  169  182
  196  211  228  245  264  282  299  315  328
    60.0-180.0 180.0   5.0 450.0                            LAT/LON1/LON2/DLON/H
  354  366  375  382  388  394  402  413  426  443  461  477  490  497  497  492
  483  470  454  437  418  399  379  357  334  312  292  273  256  238  221  204
  188  176  167  163  162  162  159  153  144  133  124  117  113  109  106  102
   99   97   96   95   96   98  101  106  113  122  133  145  159  173  187  202
  216  231  247  264  283  303  322  340  354
    57.5-180.0 180.0   5.0 450.0                            LAT/LON1/LON2/DLON/H
  381  394  403  409  412  414  417  421  428  439  454  471  485  496  502  502
  498  491  480  467  452  436  417  394  368  342  317  294  273  253  234  215
  198  184  174  168  166  164  160  153  144  135  128  123  120  117  114  110
  106  104  102  102  102  104  108  114  121  132  144  158  174  190  208  224
  239  253  269  286  305  325  346  365  381
    55.0-180.0 180.0   5.0 450.0                            LAT/LON1/LON2/DLON/H
  409  424  434  441  444  444  441  438  437  441  451  465  480  493  502  507
  508  504  497  488  477  464  446  424  397  369  342  318  295  274  253  233
  215  199  187  179  174  170  166  160  152  146  141  139  137  134  129  124
  119  115  113  112  112  114  117  122  129  139  151  166  184  205  226  245
  262  276  291  308  327  348  370  391  409
    52.5-180.0 180.0   5.0 450.0                            LAT/LON1/LON2/DLON/H
  438  455  468  478  483  483  477  469  460  455  456  464  477  491  502  510
  513  512  507  500  492  481  465  444  418  391  365  340  318  295  273  251
  231  213  199  189  182  178  174  169  165  161  158  158  156  153  147  140
  133  129  126  125  124  124  126  130  136  144  155  170  190  215  240  264
  282  298  314  330  349  371  395  417  438
    50.0-180.0 180.0   5.0 450.0                            LAT/LON1/LON2/DLON/H
  467  487  504  517  526  527  522  511  496  482  473  472  480  492  503  512
  516  515  512  507  500  490  476  457  432  407  382  358  335  311  286  262
  240  220  206  196  189  185  183  180  177  175  175  175  173  169  161  154
  147  143  140  138  136  135  135  137  141  146  155  170  192  221  251  279
  301  318  335  352  372  394  419  444  467
    47.5-180.0 180.0   5.0 450.0                            LAT/LON1/LON2/DLON/H
  495  519  539  557  569  573  570  558  540  519  501  491  492  500  509  516
  519  518  515  510  505  496  484  465  443  418  393  369  344  317  289  261
  237  218  206  200  196  195  193  192  189  187  186  185  183  179  172  165
  160  157  155  152  149  146  144  143  144  147  153  167  191  224  259  290
  315  335  354  372  393  417  443  470  495
    45.0-180.0 180.0   5.0 450.0                            LAT/LON1/LON2/DLON/H
  522  548  572  592  607  616  615  605  586  559  533  515  510  514  520  524
  524  522  519  515  510  503  491  473  451  425  399  371  342  311  279  250
  227  213  207  207  208  208  207  205  200  195  191  190  188  185  180  176
  173  171  169  165  161  156  152  149  147  146  150  164  190  226  264  298
  326  349  370  391  413  438  466  494  522
    42.5-180.0 180.0   5.0 450.0                            LAT/LON1/LON2/DLON/H
  545  574  600  622  639  650  652  646  627  599  568  544  534  533  535  535
  532  529  527  524  519  512  500  482  459  430  399  366  332  297  264  237
  219  212  214  221  228  230  228  221  212  202  196  193  192  191  189  187
  187  186  183  178  172  164  158  152  148  145  148  161  188  226  267  302
  331  357  382  406  431  457  486  516  545
    40.0-180.0 180.0   5.0 450.0                            LAT/LON1/LON2/DLON/H
  565  595  623  645  662  674  680  676  661  634  602  575  561  556  554  550
  544  540  538  536  532  524  511  492  466  434  398  360  321  284  254  232
  222  224  236  251  261  263  257  244  229  214  205  201  201  200  200  201
  203  201  197  190  181  171  162  154  148  144  145  159  187  226  267  302
  333  361  389  417  445  474  504  534  565
    37.5-180.0 180.0   5.0 450.0                            LAT/LON1/LON2/DLON/H
  579  610  639  661  678  690  698  697  686  663  633  606  590  582  576  568
  559  553  551  549  545  537  523  501  473  438  398  356  315  280  256  244
  246  259  279  299  310  309  296  276  254  235  223  219  219  218  218  220
  221  218  210  200  188  176  165  155  147  142  143  157  186  225  265  300
  331  362  394  425  457  488  518  548  579
    35.0-180.0 180.0   5.0 450.0                            LAT/LON1/LON2/DLON/H
  588  619  648  670  686  698  708  712  706  689  664  639  620  609  600  589
  577  569  566  564  559  548  531  509  479  443  402  360  321  292  278  281
  294  316  341  361  370  364  345  319  291  269  256  251  247  243  240  240
  240  234  223  208  193  178  166  155  146  140  142  156  186  225  263  297
  328  361  396  431  466  499  530  558  588
    32.5-180.0 180.0   5.0 450.0                            LAT/LON1/LON2/DLON/H
  595  626  654  674  688  700  712  720  721  713  694  672  653  639  628  613
  599  588  582  578  570  556  536  512  483  449  411  374  341  321  321  337
  362  390  416  434  439  427  403  371  340  315  299  291  281  270  262  260
  258  249  233  214  195  179  165  154  145  139  141  156  186  224  261  294
  325  359  396  435  474  509  540  567  595
    30.0-180.0 180.0   5.0 450.0                            LAT/LON1/LON2/DLON/H
  604  633  660  677  688  699  712  725  734  735  724  706  688  672  658  641
  622  607  598  591  579  561  538  514  487  458  428  398  375  365  377  406
  440  472  497  511  511  495  466  430  394  365  344  330  313  295  282  278
  274  261  240  217  195  177  162  151  143  138  141  157  186  224  260  292
  323  357  396  438  480  518  550  576  604
    27.5-180.0 180.0   5.0 450.0                            LAT/LON1/LON2/DLON/H
  618  647  671  685  693  701  714  730  747  757  755  742  725  708  691  671
  648  628  613  602  586  565  541  518  495  473  453  433  419  420  443  481
  521  554  576  585  580  559  525  484  442  406  380  358  335  310  294  289
  285  270  245  217  193  173  159  149  141  137  141  157  186  223  259  292
  322  357  396  440  485  528  562  591  618
    25.0-180.0 180.0   5.0 450.0                            LAT/LON1/LON2/DLON/H
  642  670  692  703  708  714  725  743  765  782  787  779  765  747  728  704
  675  648  627  611  593  571  549  530  513  499  488  479  474  483  513  555
  597  628  646  648  636  608  568  520  472  429  395  367  338  311  296  294
  291  275  246  216  190  170  156  147  140  136  141  156  184  220  258  291
  322  357  397  442  491  538  578  611  642
    22.5-180.0 180.0   5.0 450.0                            LAT/LON1/LON2/DLON/H
  673  704  726  737  740  744  754  771  795  816  825  821  808  791  768  738
  703  667  639  619  600  582  567  555  545  539  536  534  537  551  582  623
  660  685  696  690  668  631  583  528  472  421  382  351  322  300  289  292
  292  275  245  214  187  167  154  146  140  136  140  154  180  216  254  290
  323  358  399  446  498  550  597  637  673
    20.0-180.0 180.0   5.0 450.0                            LAT/LON1/LON2/DLON/H
  707  743  769  783  790  796  805  821  843  862  871  868  858  840  814  778
  734  688  651  627  611  601  598  598  595  594  595  597  601  615  641  674
  702  718  718  700  665  617  559  497  436  385  346  318  296  281  278  285
  286  270  241  211  185  166  154  147  141  136  138  150  174  209  249  287
  323  361  404  453  508  564  617  665  707
    17.5-180.0 180.0   5.0 450.0                            LAT/LON1/LON2/DLON/H
  740  781  812  832  847  861  876  893  911  925  927  922  913  897  869  828
  775  718  671  643  630  631  642  654  657  657  656  655  655  663  681  701
  715  716  703  670  620  559  496  435  378  332  299  278  266  261  266  275
  275  260  235  208  185  167  157  151  144  137  136  145  166  201  242  284
  325  366  412  463  520  579  637  691  740
    15.0-180.0 180.0   5.0 450.0                            LAT/LON1/LON2/DLON/H
  766  812  847  873  896  922  948  972  991  999  994  985  977  963  936  892
  830  762  706  674  664  674  697  717  722  717  709  697  686  684  690  695
  690  674  644  598  538  474  414  361  314  278  254  243  240  246  257  264
  260  245  226  206  186  170  162  157  150  141  137  142  160  194  236  282
  328  374  423  476  535  595  655  712  766
    12.5-180.0 180.0   5.0 450.0                            LAT/LON1/LON2/DLON/H
  781  830  866  893  924  963 1004 1039 1063 1070 1060 1050 1046 1040 1019  975
  907  828  764  729  720  733  761  781  781  767  743  712  682  665  658  647
  624  593  554  503  443  384  334  295  262  238  224  221  227  240  253  255
  244  229  216  204  189  176  169  165  157  147  140  142  158  190  234  283
  333  384  435  490  550  610  669  726  781
    10.0-180.0 180.0   5.0 450.0                            LAT/LON1/LON2/DLON/H
  788  836  866  884  915  966 1024 1075 1110 1122 1113 1105 1111 1117 1109 1073
 1005  921  852  815  802  810  830  841  828  796  749  691  637  604  588  567
  533  494  454  409  359  314  281  259  241  225  216  217  226  241  253  248
  231  215  208  203  193  182  178  175  168  157  148  147  161  191  235  287
  342  396  449  504  563  622  679  733  788
     7.5-180.0 180.0   5.0 450.0                            LAT/LON1/LON2/DLON/H
  792  836  854  855  873  924  993 1062 1115 1138 1138 1140 1158 1180 1189 1168
 1106 1023  957  921  902  897  899  890  858  804  733  647  568  522  500  473
  435  397  366  339  310  288  276  268  256  241  230  229  237  250  256  245
  222  206  203  203  197  190  188  187  180  168  158  157  169  198  242  296
  354  409  463  517  573  630  684  737  792
     5.0-180.0 180.0   5.0 450.0                            LAT/LON1/LON2/DLON/H
  794  835  840  820  819  860  927 1003 1068 1108 1126 1143 1176 1215 1242 1238
 1188 1114 1056 1023  999  977  957  926  873  799  706  597  498  440  413  385
  348  319  310  314  315  315  317  314  301  280  262  255  258  264  263  245
  219  203  203  205  202  198  197  197  191  180  170  168  180  208  252  307
  367  423  475  526  579  633  686  739  794
     2.5-180.0 180.0   5.0 450.0                            LAT/LON1/LON2/DLON/H
  801  841  834  795  772  795  852  923  992 1044 1076 1108 1153 1205 1248 1262
 1229 1171 1125 1098 1070 1034  993  943  875  788  682  559  448  382  350  320
  289  277  298  336  365  383  391  385  365  335  309  294  287  282  270  247
  220  206  205  207  205  202  202  203  198  188  179  178  190  219  262  318
  379  435  485  532  580  631  684  741  801
