ASEN5090_GNSS/Homework/HW7/jplg0790.09i
     1.0            IONOSPHERE MAPS     GPS                 IONEX VERSION / TYPE
GIM V3.0            JPL - GNISD         25-mar-2009 01:07   PGM / RUN BY / DATE 
JPL'S GLOBAL IONOSPHERE MAPS YEAR 2009 DAY 079              COMMENT             
Global Ionospheric Maps (GIM) are generated on an hourly    DESCRIPTION         
and daily basis at JPL using data from up to 100 GPS sites  DESCRIPTION         
of the IGS and others institutions.                         DESCRIPTION         
The vertical TEC is modeled in a solar-geomagnetic          DESCRIPTION         
reference frame using bi-cubic splines on a spherical grid. DESCRIPTION         
A Kalman filter is used to solve simultaneously for         DESCRIPTION         
instrumental biases and VTEC on the grid (as stochastic     DESCRIPTION         
parameters).                                                DESCRIPTION         
Contact Address:  gpsiono@cobra.jpl.nasa.gov .              DESCRIPTION         
  2009     3    20     0     0     0                        EPOCH OF FIRST MAP  
  2009     3    21     0     0     0                        EPOCH OF LAST MAP   
  7200                                                      INTERVAL            
    13                                                      # OF MAPS IN FILE   
  NONE                                                      MAPPING FUNCTION    
    10.0                                                    ELEVATION CUTOFF    
One-way carrier phase leveled to code                       OBSERVABLES USED    
   180                                                      # OF STATIONS       
    31                                                      # OF SATELLITES     
  6371.0                                                    BASE RADIUS         
     2                                                      MAP DIMENSION       
   450.0 450.0   0.0                                        HGT1 / HGT2 / DHGT  
    87.5 -87.5  -2.5                                        LAT1 / LAT2 / DLAT  
  -180.0 180.0   5.0                                        LON1 / LON2 / DLON  
    -1                                                      EXPONENT            
TEC/RMS values in 0.1 TECU; 9999, if no value available     COMMENT             
                                                            END OF HEADER       
[from data line 429]
     2                                                      START OF TEC MAP    
  2009     3    20     2     0     0                        EPOCH OF CURRENT MAP
    87.5-180.0 180.0   5.0 450.0                            LAT/LON1/LON2/DLON/H
   60   60   60   60   60   59   59   59   59   58   58   57   57   56   56   55
   55   54   53   53   52   52   51   50   50   49   49   49   48   48   48   48
   47   47   47   47   47   47   47   47   48   48   48   48   49   49   49   50
   50   51   51   51   52   52   53   53   54   54   55   55   56   56   57   57
   58   58   58   59   59   59   59   60   60
    85.0-180.0 180.0   5.0 450.0                            LAT/LON1/LON2/DLON/H
   64   65   65   65   65   65   64   64   64   63   62   62   61   60   58   57
   56   55   53   52   51   50   48   47   46   46   45   44   44   43   43   43
   42   42   42   42   43   43   43   43   44   44   45   45   46   46   47   47
   48   48   49   50   51   52   53   53   54   55   56   57   58   59   60   60
   61   62   62   63   63   64   64   64   64
    82.5-180.0 180.0   5.0 450.0                            LAT/LON1/LON2/DLON/H
   67   68   68   68   69   69   69   69   68   68   67   66   65   63   61   59
   57   55   53   51   50   48   46   44   43   42   41   40   40   39   39   39
   39   39   39   39   39   40   40   41   41   42   43   43   44   45   45   46
   47   47   48   49   50   51   52   53   55   56   57   58   59   60   61   62
   63   64   64   65   66   66   67   67   67
    80.0-180.0 180.0   5.0 450.0                            LAT/LON1/LON2/DLON/H
   69   69   70   71   71   72   72   73   73   72   72   71   69   67   65   62
   59   57   54   51   48   46   44   42   41   40   39   38   37   37   36   36
   35   35   35   36   36   36   37   38   39   40   41   42   43   44   45   45
   46   47   48   49   50   51   52   54   55   56   57   59   60   61   62   63
   64   65   65   66   67   67   68   68   69
    77.5-180.0 180.0   5.0 450.0                            LAT/LON1/LON2/DLON/H
   70   71   72   72   73   74   75   76   76   76   75   74   73   70   67   64
   61   58   54   51   48   45   43   41   40   39   38   37   36   36   35   34
   33   33   32   32   32   32   33   34   36   37   39   40   42   43   44   45
   46   47   48   49   50   51   53   54   55   57   58   59   60   61   62   63
   64   65   66   67   67   68   69   69   70
    75.0-180.0 180.0   5.0 450.0                            LAT/LON1/LON2/DLON/H
   72   72   73   74   75   76   77   78   78   78   78   76   75   72   69   66
   62   59   55   51   48   45   43   41   39   38   38   37   37   37   36   35
   34   32   30   28   28   27   28   29   31   33   36   38   39   41   42   43
   45   46   47   49   50   52   53   55   56   57   58   60   60   61   62   63
   64   65   67   68   69   70   71   72   72
    72.5-180.0 180.0   5.0 450.0                            LAT/LON1/LON2/DLON/H
   75   75   75   76   76   77   78   79   79   79   78   77   75   73   71   68
   64   60   56   52   48   45   43   41   40   38   38   37   37   38   37   37
   35   33   30   27   25   24   24   25   27   29   32   34   36   38   40   41
   43   45   47   49   51   53   54   56   57   58   60   60   61   62   62   63
   65   67   69   71   73   74   75   75   75
    70.0-180.0 180.0   5.0 450.0                            LAT/LON1/LON2/DLON/H
   80   80   79   79   79   79   79   79   79   78   77   76   75   73   71   68
   65   61   56   52   49   46   43   41   40   38   37   36   36   37   37   37
   36   34   31   28   25   22   21   22   24   26   29   31   34   35   37   39
   41   44   47   49   52   54   56   58   59   60   61   62   62   63   63   64
   66   68   71   75   77   80   81   81   80
    67.5-180.0 180.0   5.0 450.0                            LAT/LON1/LON2/DLON/H
   86   84   83   82   82   81   81   80   79   78   76   75   74   73   71   69
   65   61   56   52   49   46   44   41   39   37   35   34   33   34   35   36
   36   35   33   29   26   23   21   22   23   25   28   30   32   33   35   37
   40   43   47   51   54   57   59   61   62   63   64   65   65   65   65   66
   68   71   75   79   83   86   87   87   86
    65.0-180.0 180.0   5.0 450.0                            LAT/LON1/LON2/DLON/H
   91   89   88   87   86   85   84   82   80   78   76   75   74   73   71   69
   65   60   56   52   49   46   43   40   37   35   32   31   30   30   32   34
   36   36   34   32   28   26   24   24   25   26   28   30   32   33   35   37
   40   44   49   54   58   61   63   64   66   67   68   69   69   69   69   69
   70   73   78   83   88   91   92   92   91
    62.5-180.0 180.0   5.0 450.0                            LAT/LON1/LON2/DLON/H
   95   93   92   91   90   89   87   85   81   78   76   75   74   73   72   68
   64   59   55   51   48   46   43   39   36   32   29   28   27   27   29   32
   35   36   36   34   32   29   28   28   28   29   31   32   33   35   36   39
   43   48   53   58   62   66   68   69   70   72   73   74   75   74   73   72
   73   76   81   86   92   95   97   96   95
    60.0-180.0 180.0   5.0 450.0                            LAT/LON1/LON2/DLON/H
   98   96   95   95   94   93   91   87   83   80   77   76   75   74   72   68
   63   58   54   51   48   46   43   39   35   31   28   26   26   27   29   32
   35   37   38   37   35   34   33   33   33   34   35   36   37   38   40   43
   47   52   58   63   68   71   73   74   75   77   79   81   81   80   79   77
   77   80   84   89   94   98   99   99   98
    57.5-180.0 180.0   5.0 450.0                            LAT/LON1/LON2/DLON/H
  100   98   98   97   97   96   94   90   86   82   79   77   76   75   72   67
   62   58   55   52   50   47   43   39   35   32   30   29   29   30   32   35
   38   39   40   40   39   39   38   38   39   39   39   40   42   43   46   49
   53   58   64   69   74   77   79   80   81   83   86   88   88   87   85   83
   83   84   88   93   97  100  101  101  100
    55.0-180.0 180.0   5.0 450.0                            LAT/LON1/LON2/DLON/H
  102  100   99   99   99   99   97   93   89   85   82   80   79   77   72   66
   61   58   56   54   52   49   46   42   38   36   35   35   36   37   39   40
   42   43   43   43   43   44   44   44   44   44   44   45   47   49   52   55
   59   64   70   75   79   83   84   86   87   90   92   95   96   95   93   92
   91   92   94   97  100  102  103  103  102
    52.5-180.0 180.0   5.0 450.0                            LAT/LON1/LON2/DLON/H
  105  103  102  101  101  100   99   96   92   89   87   85   83   79   73   67
   62   59   58   58   56   53   50   47   44   43   43   44   46   47   47   48
   48   48   48   48   48   49   50   50   49   49   49   51   53   56   59   62
   65   70   75   80   84   87   90   91   93   96   99  101  103  103  103  102
  101  102  102  104  105  106  106  106  105
    50.0-180.0 180.0   5.0 450.0                            LAT/LON1/LON2/DLON/H
  110  108  106  105  104  103  101  100   97   95   93   91   89   84   76   69
   63   61   62   62   61   58   55   53   51   51   52   54   56   57   57   56
   55   54   54   53   54   55   55   55   55   54   54   56   59   63   66   69
   71   75   79   84   88   92   94   97   99  102  105  107  110  111  112  113
  113  113  112  112  112  112  111  111  110
    47.5-180.0 180.0   5.0 450.0                            LAT/LON1/LON2/DLON/H
  118  116  113  110  108  106  105  104  103  102  101  100   96   90   81   73
   67   65   66   67   66   64   62   60   60   61   62   65   67   67   66   64
   62   61   60   59   59   60   61   60   59   58   59   61   65   70   74   76
   77   79   83   87   92   96   99  101  103  106  109  112  115  117  120  123
  124  124  122  120  119  119  118  118  118
    45.0-180.0 180.0   5.0 450.0                            LAT/LON1/LON2/DLON/H
  128  126  123  118  114  111  109  109  108  109  109  109  106   99   89   80
   73   71   71   72   72   70   69   68   69   70   71   73   75   74   73   71
   69   67   65   64   64   65   65   64   63   62   63   66   71   77   81   82
   83   84   87   92   97  100  103  104  106  108  111  115  118  122  126  130
  132  133  131  128  127  127  127  128  128
    42.5-180.0 180.0   5.0 450.0                            LAT/LON1/LON2/DLON/H
  139  138  134  128  122  118  115  113  114  115  117  118  115  108   98   88
   81   77   76   76   76   76   76   76   77   78   79   80   80   79   77   75
   73   72   70   69   68   68   68   67   66   65   67   71   77   83   87   88
   88   89   92   97  102  106  107  107  107  108  112  116  120  124  129  133
  136  137  136  135  135  135  137  138  139
    40.0-180.0 180.0   5.0 450.0                            LAT/LON1/LON2/DLON/H
  151  149  144  137  130  124  120  117  117  119  123  125  124  118  109   98
   90   84   81   80   80   81   83   84   84   85   84   84   83   81   79   78
   76   75   73   71   70   70   70   69   68   68   70   75   81   87   91   92
   92   94   98  104  109  111  111  109  107  107  110  115  120  124  129  133
  136  138  139  140  142  145  147  150  151
    37.5-180.0 180.0   5.0 450.0                            LAT/LON1/LON2/DLON/H
  161  158  153  145  138  131  125  121  120  122  127  131  132  128  120  109
   99   91   86   83   83   85   88   90   90   89   88   86   84   81   79   78
   77   76   74   72   71   71   71   70   69   69   72   78   84   90   94   95
   96   98  103  109  114  117  115  110  106  106  109  114  119  125  130  133
  137  139  142  146  150  155  158  160  161
    35.0-180.0 180.0   5.0 450.0                            LAT/LON1/LON2/DLON/H
  170  165  157  150  143  136  130  124  122  123  129  135  139  138  131  120
  108   97   90   86   85   87   91   93   93   91   88   86   83   80   78   77
   76   75   74   72   71   71   71   70   69   70   74   79   86   92   95   97
   98  101  107  114  118  120  118  112  107  105  108  113  119  126  132  137
  141  145  150  156  162  168  171  172  170
    32.5-180.0 180.0   5.0 450.0                            LAT/LON1/LON2/DLON/H
  182  173  162  152  145  140  134  129  125  125  130  139  145  146  140  129
  116  103   94   88   86   88   91   93   93   90   87   84   81   78   75   74
   74   74   73   71   70   70   70   70   70   71   75   80   86   91   94   96
   97  101  108  115  119  121  119  114  108  107  109  114  121  130  139  146
  153  160  166  173  180  186  189  188  182
    30.0-180.0 180.0   5.0 450.0                            LAT/LON1/LON2/DLON/H
  201  187  171  157  149  145  140  135  129  128  132  141  149  151  147  136
  122  108   96   89   85   86   89   91   89   86   83   80   78   76   73   72
   72   73   72   70   70   70   70   70   70   71   74   79   84   88   91   92
   94   99  105  112  116  119  119  115  112  111  112  117  125  137  151  164
  175  185  192  199  205  210  212  209  201
    27.5-180.0 180.0   5.0 450.0                            LAT/LON1/LON2/DLON/H
  231  213  190  171  159  153  150  145  138  133  135  143  151  154  150  139
  125  110   98   89   84   84   86   87   85   82   78   77   76   74   72   71
   72   73   72   71   70   70   70   70   69   70   73   76   80   83   85   86
   89   94  100  106  111  115  118  118  117  117  118  122  132  147  166  186
  203  217  226  233  238  242  245  241  231
    25.0-180.0 180.0   5.0 450.0                            LAT/LON1/LON2/DLON/H
  276  256  226  197  177  169  166  160  151  142  141  145  151  152  147  137
  123  109   97   88   83   82   83   84   82   78   75   74   75   73   72   72
   74   75   75   73   71   70   70   69   68   68   69   71   73   75   77   79
   82   87   93   99  104  110  116  120  123  124  126  130  141  160  183  209
  232  249  260  268  273  279  284  284  276
    22.5-180.0 180.0   5.0 450.0                            LAT/LON1/LON2/DLON/H
  330  314  279  239  208  194  189  183  170  157  150  150  150  146  139  129
  117  104   93   85   82   81   82   83   81   78   75   74   75   75   75   75
   77   79   78   75   72   69   68   68   67   65   64   64   65   66   68   70
   74   80   86   93   99  108  117  124  129  133  136  142  155  175  200  228
  255  275  288  297  304  312  323  330  330
    20.0-180.0 180.0   5.0 450.0                            LAT/LON1/LON2/DLON/H
  382  374  340  291  251  229  221  213  198  179  165  158  152  142  130  119
  108   97   87   82   82   83   85   86   85   82   78   76   77   78   79   80
   82   83   81   77   72   68   66   65   64   62   59   57   56   57   59   62
   68   74   82   89   97  108  119  129  137  143  148  156  171  191  216  241
  266  287  303  315  325  338  354  372  382
    17.5-180.0 180.0   5.0 450.0                            LAT/LON1/LON2/DLON/H
  422  425  396  343  297  271  260  253  236  211  189  174  160  142  125  111
  100   89   82   81   84   88   91   93   92   89   84   80   79   80   82   84
   86   86   83   77   70   65   63   62   60   58   54   50   49   50   52   56
   63   71   80   89   99  111  124  135  144  153  161  173  189  208  228  247
  266  284  301  316  330  348  371  398  422
    15.0-180.0 180.0   5.0 450.0                            LAT/LON1/LON2/DLON/H
  436  454  435  386  340  313  302  296  281  252  223  200  179  154  129  111
   97   86   81   83   90   97  101  103  102   97   90   83   81   82   84   87
   88   87   83   76   68   62   59   58   57   55   50   46   44   45   48   53
   60   69   79   90  102  116  129  141  151  162  174  188  205  223  238  248
  260  273  289  305  322  341  366  400  436
    12.5-180.0 180.0   5.0 450.0                            LAT/LON1/LON2/DLON/H
  420  450  447  412  373  349  341  339  326  296  261  235  210  179  147  122
  103   90   86   91  102  112  115  115  111  104   94   85   81   81   83   86
   88   86   82   74   65   59   56   55   55   53   48   45   43   44   46   51
   59   69   80   93  106  120  133  146  158  171  185  202  219  235  246  249
  253  261  274  289  305  323  346  379  420
    10.0-180.0 180.0   5.0 450.0                            LAT/LON1/LON2/DLON/H
  385  421  433  418  392  375  372  375  366  336  299  272  247  214  177  145
  120  104  100  108  121  131  133  128  120  108   95   84   79   78   79   83
   85   84   80   72   63   57   54   53   53   52   49   46   45   45   46   51
   58   69   81   94  108  122  136  150  164  178  194  211  228  244  253  254
  253  256  264  275  289  302  318  345  385
     7.5-180.0 180.0   5.0 450.0                            LAT/LON1/LON2/DLON/H
  344  382  406  409  398  389  390  398  394  366  330  304  281  249  210  173
  142  124  121  131  146  154  152  141  126  109   92   81   75   73   75   79
   82   82   78   71   63   57   54   53   53   52   51   49   48   47   47   51
   58   68   80   94  108  122  137  152  168  184  199  215  232  248  259  263
  263  263  265  271  278  285  293  311  344
     5.0-180.0 180.0   5.0 450.0                            LAT/LON1/LON2/DLON/H
  311  345  377  395  396  393  397  407  405  380  348  325  306  277  239  200
  165  145  144  155  169  176  169  152  130  107   89   77   72   70   72   76
   80   81   78   72   64   58   56   54   54   53   52   52   51   48   47   50
   57   67   79   91  105  119  135  152  170  187  201  214  230  249  265  276
  280  279  278  277  279  281  282  290  311
     2.5-180.0 180.0   5.0 450.0                            LAT/LON1/LON2/DLON/H
  300  324  356  382  390  391  395  404  402  380  351  330  313  290  257  219
  184  163  163  174  188  192  181  158  130  105   85   75   70   70   73   78
   81   81   80   75   68   61   58   55   54   53   53   53   52   49   47   49
   56   65   76   88  101  115  131  149  168  186  199  210  226  246  269  289
  300  300  295  290  287  287  287  289  300
