ASEN5090_GNSS/Homework/HW7/jplg0790.14i
     1.0            IONOSPHERE MAPS     GPS                 IONEX VERSION / TYPE
GIM V3.0            JPL - GNISD         23-mar-2014 01:16   PGM / RUN BY / DATE 
JPL'S GLOBAL IONOSPHERE MAPS YEAR 2014 DAY 079              COMMENT             
Global Ionospheric Maps (GIM) are generated on an hourly    DESCRIPTION         
and daily basis at JPL using data from up to 100 GPS sites  DESCRIPTION         
of the IGS and others institutions.                         DESCRIPTION         
The vertical TEC is modeled in a solar-geomagnetic          DESCRIPTION         
reference frame using bi-cubic splines on a spherical grid. DESCRIPTION         
A Kalman filter is used to solve simultaneously for         DESCRIPTION         
instrumental biases and VTEC on the grid (as stochastic     DESCRIPTION         
parameters).                                                DESCRIPTION         
Contact Address:  gpsiono@cobra.jpl.nasa.gov .              DESCRIPTION         
  2014     3    20     0     0     0                        EPOCH OF FIRST MAP  
  2014     3    21     0     0     0                        EPOCH OF LAST MAP   
  7200                                                      INTERVAL            
    13                                                      # OF MAPS IN FILE   
  NONE                                                      MAPPING FUNCTION    
    10.0                                                    ELEVATION CUTOFF    
One-way carrier phase leveled to code                       OBSERVABLES USED    
   170                                                      # OF STATIONS       
    31                                                      # OF SATELLITES     
  6371.0                                                    BASE RADIUS         
     2                                                      MAP DIMENSION       
   450.0 450.0   0.0                                        HGT1 / HGT2 / DHGT  
    87.5 -87.5  -2.5                                        LAT1 / LAT2 / DLAT  
  -180.0 180.0   5.0                                        LON1 / LON2 / DLON  
    -1                                                      EXPONENT            
TEC/RMS values in 0.1 TECU; 9999, if no value available     COMMENT             
                                                            END OF HEADER       
[from data line 3861]
    10                                                      START OF TEC MAP    
  2014     3    20    18     0     0                        EPOCH OF CURRENT MAP
    87.5-180.0 180.0   5.0 450.0                            LAT/LON1/LON2/DLON/H
  301  303  305  306  308  310  311  312  314  315  316  316  317  318  318  318
  319  319  319  318  318  318  317  317  316  315  314  313  312  311  310  309
  307  306  304  302  301  299  297  295  293  291  290  288  286  284  283  281
  280  279  278  277  276  276  276  276  276  277  278  279  280  281  283  284
  286  288  289  291  293  295  297  299  301
    85.0-180.0 180.0   5.0 450.0                            LAT/LON1/LON2/DLON/H
  299  303  306  309  312  315  317  320  322  324  325  327  328  329  330  330
  330  331  331  330  330  329  328  328  327  325  324  323  321  319  317  315
  313  310  308  305  301  298  294  290  286  282  278  274  270  266  263  259
  256  253  251  249  248  247  246  246  247  248  250  252  254  257  260  264
  268  271  275  280  284  288  292  295  299
    82.5-180.0 180.0   5.0 450.0                            LAT/LON1/LON2/DLON/H
  293  298  303  307  311  315  319  323  326  328  331  333  335  336  337  338
  338  339  339  338  338  337  336  335  334  333  331  330  328  326  323  321
  318  314  310  306  302  297  291  285  279  273  267  261  254  248  243  237
  232  228  224  220  218  216  215  215  215  217  219  222  226  230  235  240
  246  252  258  264  270  276  282  287  293
    80.0-180.0 180.0   5.0 450.0                            LAT/LON1/LON2/DLON/H
  280  287  294  301  307  312  318  322  327  331  334  337  340  342  343  345
  345  346  346  345  345  344  343  342  341  339  338  336  333  331  328  325
  321  317  312  307  301  294  287  280  272  264  256  247  239  231  223  216
  210  204  198  194  190  187  186  185  185  186  189  192  196  201  206  213
  220  227  235  243  250  258  266  273  280
    77.5-180.0 180.0   5.0 450.0                            LAT/LON1/LON2/DLON/H
  262  272  281  290  298  306  314  321  327  333  338  342  346  349  351  352
  353  354  354  354  353  352  351  350  348  346  344  342  339  336  332  329
  324  319  313  307  300  292  283  274  265  255  245  235  225  215  206  198
  190  184  178  172  168  164  162  160  159  159  160  162  165  170  175  181
  188  196  205  214  224  233  243  253  262
    75.0-180.0 180.0   5.0 450.0                            LAT/LON1/LON2/DLON/H
  238  251  263  275  286  297  308  317  326  334  341  347  353  357  360  362
  364  365  365  364  363  362  360  359  356  354  351  348  344  340  336  331
  326  320  313  306  298  289  280  270  259  248  236  225  214  203  193  184
  177  170  164  158  153  149  145  141  139  137  136  136  136  138  141  146
  152  159  168  178  189  201  213  226  238
    72.5-180.0 180.0   5.0 450.0                            LAT/LON1/LON2/DLON/H
  208  224  240  256  272  286  300  313  325  336  346  354  361  367  372  376
  378  379  379  378  375  373  370  367  364  360  356  351  347  342  337  332
  326  320  313  305  297  288  278  267  256  243  231  219  206  195  185  175
  167  161  155  149  144  139  134  129  125  121  117  114  111  110  110  112
  115  121  129  138  150  163  177  192  208
    70.0-180.0 180.0   5.0 450.0                            LAT/LON1/LON2/DLON/H
  174  194  213  234  253  272  291  308  323  338  351  363  373  381  388  394
  396  397  395  392  388  383  379  374  368  362  356  351  345  340  334  329
  323  318  312  305  297  288  279  268  256  244  230  217  204  191  180  170
  162  155  149  143  138  133  127  121  116  110  105   99   94   90   86   84
   85   88   93  101  112  125  140  156  174
    67.5-180.0 180.0   5.0 450.0                            LAT/LON1/LON2/DLON/H
  143  164  186  209  233  256  279  300  320  339  356  372  386  398  408  415
  419  418  414  407  400  392  385  376  368  359  351  343  337  332  328  323
  319  316  311  306  300  292  284  273  262  249  234  220  205  191  178  167
  158  150  144  138  133  128  123  117  112  107  101   95   88   81   75   70
   67   66   68   73   81   93  107  124  143
    65.0-180.0 180.0   5.0 450.0                            LAT/LON1/LON2/DLON/H
  117  139  162  187  213  240  266  291  316  339  361  381  400  417  430  439
  442  439  432  422  410  399  387  374  362  350  339  331  326  322  320  318
  317  315  314  311  307  302  294  284  272  258  242  226  209  193  178  166
  155  146  139  133  127  123  119  115  112  109  106  101   95   88   81   73
   67   62   60   60   64   72   84   99  117
    62.5-180.0 180.0   5.0 450.0                            LAT/LON1/LON2/DLON/H
  104  123  146  172  199  226  255  283  310  337  364  389  413  434  450  461
  464  460  449  436  420  403  387  370  354  340  328  319  315  313  314  316
  318  320  322  322  320  316  309  299  286  271  254  235  217  198  181  166
  153  142  133  126  121  118  116  115  116  117  117  115  112  107  100   92
   84   76   70   66   66   69   76   88  104
    60.0-180.0 180.0   5.0 450.0                            LAT/LON1/LON2/DLON/H
  105  121  142  166  192  219  247  276  305  335  364  394  422  447  466  478
  482  477  465  448  429  408  388  368  349  333  321  313  310  311  315  321
  327  332  336  338  338  334  327  316  302  285  267  246  226  205  186  168
  153  139  129  121  116  114  115  118  122  127  132  135  135  133  128  121
  112  102   93   85   81   80   84   92  105
    57.5-180.0 180.0   5.0 450.0                            LAT/LON1/LON2/DLON/H
  118  133  151  172  196  221  248  275  304  334  365  396  427  454  476  490
  494  490  478  461  439  416  392  370  351  335  323  317  317  322  329  337
  344  351  356  358  357  353  346  334  319  301  280  258  235  213  192  173
  155  140  128  120  116  115  118  123  131  140  149  156  160  161  158  152
  144  133  122  112  104  101  101  107  118
    55.0-180.0 180.0   5.0 450.0                            LAT/LON1/LON2/DLON/H
  138  152  170  190  211  234  257  282  308  336  366  398  429  457  480  494
  501  499  490  474  452  428  404  382  364  350  340  337  339  344  352  360
  368  374  378  379  377  372  364  351  335  316  293  269  245  222  200  179
  160  144  132  124  121  122  126  133  143  154  165  174  180  184  184  180
  173  162  150  138  129  124  123  128  138
    52.5-180.0 180.0   5.0 450.0                            LAT/LON1/LON2/DLON/H
  158  173  191  212  234  255  277  298  320  344  370  400  430  457  479  495
  504  506  500  487  467  445  422  402  387  376  369  367  370  376  382  389
  394  398  399  398  394  388  379  366  349  328  305  279  254  230  208  187
  168  153  142  136  134  135  139  146  156  167  178  188  195  201  203  201
  194  184  172  160  150  143  142  147  158
    50.0-180.0 180.0   5.0 450.0                            LAT/LON1/LON2/DLON/H
  171  189  210  234  257  280  300  319  338  357  378  403  430  455  477  495
  506  512  510  500  484  464  445  429  416  408  404  403  406  410  415  418
  420  420  417  414  409  402  392  378  360  338  313  287  261  238  216  196
  179  166  157  152  151  151  154  160  168  178  188  197  205  211  214  214
  209  199  187  173  162  155  154  159  171
    47.5-180.0 180.0   5.0 450.0                            LAT/LON1/LON2/DLON/H
  175  195  221  249  277  303  324  343  358  373  389  408  431  453  475  495
  509  517  518  512  500  484  469  457  448  442  439  438  440  443  444  444
  442  438  434  429  423  414  403  387  368  344  317  291  266  244  224  207
  191  180  174  170  168  167  168  171  177  185  193  200  208  214  219  221
  218  209  196  181  169  160  157  162  175
    45.0-180.0 180.0   5.0 450.0                            LAT/LON1/LON2/DLON/H
  171  192  221  255  289  319  345  364  378  389  400  415  433  453  475  497
  514  523  525  521  513  502  491  483  477  472  468  467  468  469  468  466
  463  459  455  450  442  430  414  395  372  346  318  292  269  250  233  217
  204  195  189  186  182  178  176  177  180  185  191  198  205  213  220  223
  222  214  201  186  172  161  156  159  171
    42.5-180.0 180.0   5.0 450.0                            LAT/LON1/LON2/DLON/H
  162  184  215  253  292  328  358  381  395  404  412  423  438  456  479  502
  520  529  529  527  522  516  509  505  500  495  490  488  489  491  491  490
  488  488  488  484  473  453  429  403  375  347  319  294  273  256  241  228
  218  209  203  197  189  181  176  174  176  179  184  190  198  207  216  222
  223  217  205  190  174  160  152  152  162
    40.0-180.0 180.0   5.0 450.0                            LAT/LON1/LON2/DLON/H
  154  175  208  248  290  331  365  391  407  417  425  434  446  462  485  509
  528  534  533  530  528  526  524  522  519  513  508  508  511  514  517  520
  524  531  538  538  520  488  451  415  383  352  325  302  282  265  252  240
  231  222  214  204  192  179  171  168  168  171  175  182  190  201  211  219
  222  218  209  194  178  162  151  147  154
    37.5-180.0 180.0   5.0 450.0                            LAT/LON1/LON2/DLON/H
  151  170  203  244  287  330  368  397  416  428  438  448  458  473  495  519
  536  539  536  533  533  535  536  537  535  531  528  530  538  545  552  562
  575  593  611  613  587  537  483  437  399  367  341  319  299  280  265  254
  245  236  225  212  196  180  169  165  164  166  171  177  186  197  207  216
  221  219  212  199  183  167  153  147  151
    35.0-180.0 180.0   5.0 450.0                            LAT/LON1/LON2/DLON/H
  154  173  204  243  286  329  369  400  423  439  453  465  475  488  507  529
  544  545  540  537  539  544  547  550  551  550  553  562  576  589  601  619
  642  673  700  706  669  600  527  470  428  396  372  350  325  300  281  269
  262  253  242  227  209  191  178  171  170  171  175  182  191  200  209  216
  220  219  213  203  189  173  159  151  154
    32.5-180.0 180.0   5.0 450.0                            LAT/LON1/LON2/DLON/H
  162  181  212  249  288  329  369  402  429  451  470  484  495  506  522  541
  552  553  547  545  548  554  559  563  568  575  587  607  630  648  665  689
  722  763  800  806  760  674  584  517  472  440  415  390  358  324  298  286
  281  275  267  254  237  218  203  194  190  190  194  201  208  214  218  220
  220  217  212  204  192  178  165  157  162
    30.0-180.0 180.0   5.0 450.0                            LAT/LON1/LON2/DLON/H
  171  193  224  257  292  330  369  404  435  463  486  503  515  525  538  553
  562  562  558  557  561  567  572  578  589  605  630  663  696  718  739  768
  809  859  901  908  853  754  650  574  524  491  463  431  390  347  317  305
  304  304  302  296  282  264  246  233  225  223  227  232  236  238  234  228
  221  213  207  200  191  180  169  164  171
    27.5-180.0 180.0   5.0 450.0                            LAT/LON1/LON2/DLON/H
  180  204  236  267  299  333  371  407  443  475  502  521  533  543  554  566
  574  575  572  573  577  583  588  597  615  643  681  727  769  796  819  851
  899  954  998 1001  940  831  715  628  572  535  503  465  415  365  333  324
  329  338  345  346  337  320  300  281  268  264  266  270  270  266  254  238
  222  208  198  191  184  177  170  169  180
    25.0-180.0 180.0   5.0 450.0                            LAT/LON1/LON2/DLON/H
  186  214  247  277  306  338  374  413  452  488  516  535  548  559  570  582
  590  592  591  592  597  602  609  622  649  688  739  796  845  876  901  936
  986 1042 1084 1079 1010  892  765  666  601  561  527  481  425  374  345  342
  355  372  387  396  392  378  356  332  314  307  308  308  304  292  273  248
  223  202  187  179  174  169  166  170  186
    22.5-180.0 180.0   5.0 450.0                            LAT/LON1/LON2/DLON/H
  188  220  255  286  314  345  381  421  463  501  529  548  561  573  587  600
  610  613  613  614  619  626  636  656  692  742  802  867  920  954  980 1014
 1063 1115 1147 1131 1053  926  787  673  599  557  524  477  419  373  353  359
  378  401  423  436  436  425  404  377  355  346  344  341  331  313  287  256
  224  195  177  167  162  158  159  167  188
    20.0-180.0 180.0   5.0 450.0                            LAT/LON1/LON2/DLON/H
  186  222  260  294  324  355  391  433  477  516  544  561  575  589  606  623
  635  639  640  640  645  655  672  700  746  804  869  935  988 1022 1047 1077
 1118 1160 1179 1148 1058  921  769  640  559  522  497  455  402  365  357  371
  397  424  445  457  459  453  437  410  387  376  372  364  347  323  294  260
  224  190  168  156  150  147  149  161  186
    17.5-180.0 180.0   5.0 450.0                            LAT/LON1/LON2/DLON/H
  181  220  263  301  333  367  406  450  495  534  560  577  592  609  628  649
  665  671  672  672  677  691  715  753  806  869  933  994 1042 1073 1093 1114
 1142 1168 1169 1121 1017  871  712  576  494  467  455  422  379  354  358  381
  410  436  451  457  460  462  455  433  410  398  391  377  353  325  295  261
  223  187  163  149  141  136  138  153  181
    15.0-180.0 180.0   5.0 450.0                            LAT/LON1/LON2/DLON/H
  172  216  263  306  343  380  422  469  514  554  581  599  615  634  656  681
  701  710  711  712  717  735  767  812  868  929  986 1037 1075 1097 1109 1117
 1125 1128 1109 1048  939  793  636  503  426  408  407  384  354  344  359  389
  420  443  450  447  449  460  463  447  426  413  402  381  350  319  290  259
  222  186  160  145  134  126  126  141  172
    12.5-180.0 180.0   5.0 450.0                            LAT/LON1/LON2/DLON/H
  160  208  261  310  351  393  439  488  535  575  605  627  646  665  690  719
  742  755  760  762  770  791  827  873  926  978 1022 1057 1079 1088 1086 1076
 1062 1044 1012  950  846  711  567  445  376  363  365  349  333  339  366  401
  434  454  451  436  436  455  468  458  438  422  406  379  343  309  283  255
  220  185  159  143  129  117  114  128  160
    10.0-180.0 180.0   5.0 450.0                            LAT/LON1/LON2/DLON/H
  147  198  257  311  357  403  453  505  553  595  630  657  680  702  729  760
  788  807  818  826  837  860  894  934  974 1009 1034 1048 1052 1046 1030 1006
  975  943  907  852  765  651  530  427  366  348  339  325  324  346  384  424
  458  474  462  437  433  456  476  469  448  427  404  371  331  297  273  249
  217  184  158  141  125  109  103  114  147
     7.5-180.0 180.0   5.0 450.0                            LAT/LON1/LON2/DLON/H
  134  188  252  310  360  410  464  518  569  614  653  687  714  739  768  801
  834  861  881  897  914  936  964  990 1010 1022 1024 1018 1005  985  959  926
  888  851  820  781  720  636  546  464  405  369  338  320  332  371  419  464
  499  512  493  459  447  468  488  480  455  428  397  359  318  285  263  242
  213  182  157  138  121  104   95  103  134
     5.0-180.0 180.0   5.0 450.0                            LAT/LON1/LON2/DLON/H
  123  178  245  307  361  414  471  528  581  630  674  713  745  773  803  838
  875  909  940  965  988 1010 1028 1037 1033 1021 1002  977  951  923  893  860
  824  795  779  763  730  675  610  542  480  423  368  342  366  419  476  525
  560  568  540  494  472  485  499  488  459  425  387  346  305  274  253  234
  208  179  154  134  118  103   92   96  123
     2.5-180.0 180.0   5.0 450.0                            LAT/LON1/LON2/DLON/H
  116  168  236  302  360  417  476  534  590  641  688  732  769  801  832  866
  904  945  984 1019 1047 1067 1076 1067 1043 1010  974  937  905  876  849  825
  805  795  796  798  783  748  699  640  576  502  429  399  432  495  554  601
  629  627  589  532  497  499  505  490  457  417  375  332  293  264  244  225
  202  176  151  130  117  105   94   93  116
