ASEN5090_GNSS/Homework/HW7/jplg0790.09i
     1.0            IONOSPHERE MAPS     GPS                 IONEX VERSION / TYPE
GIM V3.0            JPL - GNISD         25-mar-2009 01:07   PGM / RUN BY / DATE 
JPL'S GLOBAL IONOSPHERE MAPS YEAR 2009 DAY 079              COMMENT             
Global Ionospheric Maps (GIM) are generated on an hourly    DESCRIPTION         
and daily basis at JPL using data from up to 100 GPS sites  DESCRIPTION         
of the IGS and others institutions.                         DESCRIPTION         
The vertical TEC is modeled in a solar-geomagnetic          DESCRIPTION         
reference frame using bi-cubic splines on a spherical grid. DESCRIPTION         
A Kalman filter is used to solve simultaneously for         DESCRIPTION         
instrumental biases and VTEC on the grid (as stochastic     DESCRIPTION         
parameters).                                                DESCRIPTION         
Contact Address:  gpsiono@cobra.jpl.nasa.gov .              DESCRIPTION         
  2009     3    20     0     0     0                        EPOCH OF FIRST MAP  
  2009     3    21     0     0     0                        EPOCH OF LAST MAP   
  7200                                                      INTERVAL            
    13                                                      # OF MAPS IN FILE   
  NONE                                                      MAPPING FUNCTION    
    10.0                                                    ELEVATION CUTOFF    
One-way carrier phase leveled to code                       OBSERVABLES USED    
   180                                                      # OF STATIONS       
    31                                                      # OF SATELLITES     
  6371.0                                                    BASE RADIUS         
     2                                                      MAP DIMENSION       
   450.0 450.0   0.0                                        HGT1 / HGT2 / DHGT  
    87.5 -87.5  -2.5                                        LAT1 / LAT2 / DLAT  
  -180.0 180.0   5.0                                        LON1 / LON2 / DLON  
    -1                                                      EXPONENT            
TEC/RMS values in 0.1 TECU; 9999, if no value available     COMMENT             
                                                            END OF HEADER       
[from data line 4290]
    11                                                      START OF TEC MAP    
  2009     3    20    20     0     0                        EPOCH OF CURRENT MAP
    87.5-180.0 180.0   5.0 450.0                            LAT/LON1/LON2/DLON/H
   73   73   73   74   74   74   74   74   75   75   75   74   74   74   74   74
   73   73   73   72   72   72   71   71   71   70   70   70   69   69   69   68
   68   68   68   68   67   67   67   67   67   67   67   67   66   66   66   66
   66   66   66   66   66   66   66   66   67   67   67   67   68   68   68   69
   69   70   70   71   71   72   72   72   73
    85.0-180.0 180.0   5.0 450.0                            LAT/LON1/LON2/DLON/H
   74   75   76   76   77   77   78   78   78   78   78   78   78   77   77   76
   76   75   74   73   73   72   71   70   69   69   68   67   67   66   66   65
   65   65   65   65   65   65   64   64   64   64   64   64   64   64   63   63
   63   62   62   62   62   61   61   61   62   62   62   63   63   64   65   66
   66   67   68   69   70   71   72   73   74
    82.5-180.0 180.0   5.0 450.0                            LAT/LON1/LON2/DLON/H
   74   76   77   78   79   80   80   81   81   81   81   81   80   80   79   78
   77   76   75   74   73   71   70   69   67   66   65   64   63   62   61   61
   60   60   60   60   60   61   61   62   62   62   62   62   62   62   62   61
   60   60   59   58   57   57   56   56   56   56   56   57   57   58   59   61
   62   63   65   67   68   70   71   73   74
    80.0-180.0 180.0   5.0 450.0                            LAT/LON1/LON2/DLON/H
   73   75   77   78   79   81   81   82   82   83   83   83   82   82   81   80
   79   78   77   75   73   71   69   67   65   63   61   60   58   57   55   54
   54   53   53   53   54   55   56   57   58   59   60   61   61   61   60   59
   58   57   56   55   53   52   51   50   50   50   50   50   51   51   53   54
   56   58   60   62   65   67   69   71   73
    77.5-180.0 180.0   5.0 450.0                            LAT/LON1/LON2/DLON/H
   71   74   76   78   79   80   81   82   83   84   84   84   84   84   84   83
   82   81   79   77   75   73   70   67   65   62   60   57   55   53   51   49
   48   47   47   46   47   48   49   51   53   54   56   58   58   59   58   57
   56   55   53   51   50   48   47   46   45   44   43   43   43   44   45   47
   49   51   54   57   60   63   66   69   71
    75.0-180.0 180.0   5.0 450.0                            LAT/LON1/LON2/DLON/H
   69   72   74   76   78   79   81   82   83   84   85   86   87   87   87   87
   86   85   83   81   79   76   73   69   66   63   59   56   54   51   49   47
   45   44   43   42   41   42   43   45   47   49   52   54   55   56   55   54
   53   51   49   48   46   45   43   42   40   39   38   37   36   37   38   39
   41   44   47   51   54   58   62   66   69
    72.5-180.0 180.0   5.0 450.0                            LAT/LON1/LON2/DLON/H
   67   70   73   76   77   79   80   81   83   84   86   88   89   90   91   91
   91   90   88   86   84   80   77   73   69   65   61   58   54   52   49   48
   46   44   42   40   39   38   39   40   42   44   47   49   51   51   51   50
   48   47   45   44   43   41   40   39   37   35   33   32   31   30   31   32
   34   37   40   44   49   54   58   63   67
    70.0-180.0 180.0   5.0 450.0                            LAT/LON1/LON2/DLON/H
   66   70   74   76   78   80   81   82   84   86   88   90   92   93   95   95
   96   95   94   92   89   86   82   78   73   69   65   61   58   55   52   50
   49   46   44   42   40   38   37   37   39   41   44   46   47   47   47   46
   44   42   41   40   39   38   38   36   35   33   31   29   27   26   26   27
   29   32   35   40   45   50   56   61   66
    67.5-180.0 180.0   5.0 450.0                            LAT/LON1/LON2/DLON/H
   66   71   75   79   81   83   84   85   87   88   91   93   95   97   99  100
  100  100   99   98   95   92   88   83   79   75   71   67   63   60   58   55
   53   51   48   45   42   40   38   37   38   40   42   44   45   45   44   42
   40   38   37   36   36   36   36   35   34   32   31   29   27   26   25   26
   27   30   33   37   43   48   55   61   66
    65.0-180.0 180.0   5.0 450.0                            LAT/LON1/LON2/DLON/H
   68   74   79   83   86   88   89   90   92   93   95   97  100  101  103  104
  105  105  105  103  101   98   94   89   85   81   78   74   71   68   65   62
   60   57   53   50   46   43   40   39   39   40   42   44   44   44   43   40
   38   36   35   34   34   34   35   35   34   34   33   32   31   30   29   29
   30   32   35   39   44   49   56   62   68
    62.5-180.0 180.0   5.0 450.0                            LAT/LON1/LON2/DLON/H
   72   78   84   89   92   95   97   98   99  100  102  103  105  107  108  110
  110  111  110  109  106  103  100   96   92   89   86   83   79   76   73   70
   67   63   59   55   51   47   44   42   42   43   44   46   46   46   44   41
   39   36   35   34   34   34   35   35   36   37   38   38   38   37   37   37
   37   39   41   44   48   53   59   65   72
    60.0-180.0 180.0   5.0 450.0                            LAT/LON1/LON2/DLON/H
   76   83   90   96  100  103  105  107  108  109  110  112  113  114  115  116
  116  116  115  114  112  109  105  102   99   97   94   92   89   86   83   79
   74   69   65   60   55   51   49   47   47   47   49   50   51   50   48   45
   42   39   37   36   35   36   36   38   39   42   44   46   47   47   47   47
   47   48   49   51   54   58   63   69   76
    57.5-180.0 180.0   5.0 450.0                            LAT/LON1/LON2/DLON/H
   81   88   96  103  108  112  116  118  119  120  121  122  122  123  123  122
  121  121  120  118  116  114  111  109  106  105  103  101   99   96   92   88
   82   76   70   65   60   56   54   52   52   53   55   57   57   56   54   51
   47   44   42   40   39   39   40   42   44   48   52   55   58   59   59   58
   58   58   58   59   61   64   69   74   81
    55.0-180.0 180.0   5.0 450.0                            LAT/LON1/LON2/DLON/H
   86   94  102  109  116  122  126  130  132  133  134  134  133  133  131  130
  127  125  124  122  120  118  116  114  113  112  111  110  109  106  103   97
   90   83   77   71   66   62   59   58   59   60   62   64   65   64   61   58
   54   51   48   46   45   45   46   48   51   55   60   65   69   70   70   69
   68   66   65   66   67   70   74   79   86
    52.5-180.0 180.0   5.0 450.0                            LAT/LON1/LON2/DLON/H
   91   98  107  116  124  131  138  143  146  148  148  148  146  144  141  137
  133  130  127  125  124  122  121  120  119  119  119  118  118  116  113  107
  100   91   83   77   71   68   66   65   65   67   70   72   73   72   69   66
   62   58   56   54   54   54   54   56   58   63   69   74   79   81   81   79
   76   72   70   69   71   74   78   84   91
    50.0-180.0 180.0   5.0 450.0                            LAT/LON1/LON2/DLON/H
   95  103  112  121  131  140  149  156  161  164  165  163  160  156  151  145
  139  134  131  128  127  126  125  125  125  125  126  126  126  126  123  118
  110  101   91   84   78   74   72   71   72   74   77   80   81   80   77   73
   69   66   64   63   63   63   64   65   66   70   76   83   88   90   89   86
   81   75   71   71   73   77   82   88   95
    47.5-180.0 180.0   5.0 450.0                            LAT/LON1/LON2/DLON/H
   99  107  115  125  136  147  158  168  176  180  181  179  175  168  161  153
  145  139  134  132  131  130  130  130  131  132  133  134  134  134  133  129
  122  112  101   91   84   80   78   78   79   81   84   86   88   87   84   80
   76   73   72   71   71   72   73   72   73   76   82   89   94   97   95   91
   84   76   71   70   74   79   85   92   99
    45.0-180.0 180.0   5.0 450.0                            LAT/LON1/LON2/DLON/H
  102  110  118  128  139  151  165  177  187  194  197  195  189  181  171  161
  151  144  139  136  135  135  135  136  137  138  140  141  141  141  141  140
  134  123  111   99   91   86   83   83   84   86   89   92   93   92   89   86
   82   80   79   79   79   80   79   78   77   79   84   92   98  100   98   93
   84   75   69   69   74   82   89   95  102
    42.5-180.0 180.0   5.0 450.0                            LAT/LON1/LON2/DLON/H
  106  113  120  129  139  152  167  181  195  205  210  209  203  193  181  169
  158  150  144  142  141  141  142  143  144  145  147  148  148  149  150  151
  147  136  121  107   97   91   88   87   88   90   94   96   98   97   94   90
   87   85   84   84   84   84   83   81   79   79   84   91   98  100   98   92
   83   73   68   69   76   84   92   99  106
    40.0-180.0 180.0   5.0 450.0                            LAT/LON1/LON2/DLON/H
  109  115  122  129  139  151  165  181  196  210  219  221  215  205  192  178
  166  157  151  148  147  148  149  150  151  153  155  156  156  157  160  162
  159  148  131  114  102   95   91   90   91   93   96   99  100   99   96   92
   89   88   88   88   87   86   84   81   78   77   81   89   95   97   95   89
   80   71   67   71   79   88   95  102  109
    37.5-180.0 180.0   5.0 450.0                            LAT/LON1/LON2/DLON/H
  113  119  124  130  138  148  161  177  193  210  223  229  226  216  202  188
  174  165  159  155  155  155  156  157  159  161  164  165  165  167  171  174
  172  159  140  121  107   98   93   92   92   95   98  100  102  100   96   92
   90   89   89   89   88   87   84   79   75   74   77   84   90   93   90   85
   76   69   67   73   83   92   99  106  113
    35.0-180.0 180.0   5.0 450.0                            LAT/LON1/LON2/DLON/H
  117  123  128  132  138  147  158  172  189  208  225  234  234  227  213  198
  184  175  168  164  162  163  164  166  168  170  174  176  177  180  185  189
  186  172  151  129  112  101   95   92   93   95   97  100  101   99   94   89
   88   88   89   89   88   86   82   77   72   70   73   79   85   87   85   79
   72   67   68   77   87   96  103  109  117
    32.5-180.0 180.0   5.0 450.0                            LAT/LON1/LON2/DLON/H
  121  129  133  137  142  149  158  170  187  207  226  239  242  237  225  209
  196  186  178  173  171  171  173  175  177  181  185  189  193  197  203  207
  203  188  164  140  120  105   97   93   92   93   95   98  100   97   91   86
   84   84   86   86   86   84   80   75   70   67   69   74   79   80   78   74
   69   66   69   80   92  100  106  113  121
    30.0-180.0 180.0   5.0 450.0                            LAT/LON1/LON2/DLON/H
  126  135  140  144  149  155  163  174  188  208  228  242  249  246  236  222
  208  198  190  183  179  179  182  184  188  193  199  205  211  219  227  231
  226  208  182  154  130  111   99   93   90   90   93   96   97   94   87   81
   78   78   80   82   83   82   79   74   68   65   66   70   74   74   73   70
   66   65   71   82   95  103  109  117  126
    27.5-180.0 180.0   5.0 450.0                            LAT/LON1/LON2/DLON/H
  131  140  147  152  157  164  172  182  195  213  231  246  255  255  247  234
  222  212  203  194  189  188  191  195  199  206  214  223  232  244  256  262
  256  236  207  175  145  119  102   93   89   88   89   92   94   90   83   75
   71   70   72   76   80   81   79   74   68   64   65   68   70   69   68   66
   64   65   71   84   97  106  112  120  131
    25.0-180.0 180.0   5.0 450.0                            LAT/LON1/LON2/DLON/H
  135  145  153  160  168  176  185  195  207  221  237  251  260  262  257  246
  235  226  216  206  200  199  201  206  211  220  231  243  256  274  292  300
  294  272  238  200  162  129  106   93   87   85   86   89   90   87   79   70
   65   63   65   71   77   80   79   74   68   64   64   66   66   65   64   63
   63   65   72   84   98  107  115  124  135
    22.5-180.0 180.0   5.0 450.0                            LAT/LON1/LON2/DLON/H
  138  149  159  168  178  188  198  210  221  233  246  257  266  269  266  258
  249  240  230  220  213  211  213  217  224  236  250  264  282  307  333  345
  337  311  271  225  179  139  111   95   87   84   84   86   87   85   77   69
   63   59   60   67   75   79   79   75   69   65   64   65   64   63   62   61
   62   64   71   84   98  109  117  126  138
    20.0-180.0 180.0   5.0 450.0                            LAT/LON1/LON2/DLON/H
  140  152  164  176  187  199  212  226  238  248  257  266  273  277  276  271
  264  255  246  236  229  226  226  230  238  253  271  287  308  339  372  388
  377  345  299  246  193  147  115   97   88   84   84   85   87   86   80   73
   66   60   60   67   76   80   80   76   71   67   65   65   64   62   61   61
   61   63   70   83   97  109  118  128  140
    17.5-180.0 180.0   5.0 450.0                            LAT/LON1/LON2/DLON/H
  142  156  170  184  197  210  225  243  257  267  273  279  284  288  289  286
  281  274  266  257  249  244  242  243  252  271  292  310  331  366  404  420
  406  368  316  257  200  152  120  101   92   87   86   88   91   92   89   85
   77   69   66   71   79   83   82   78   73   69   66   65   64   63   62   60
   60   62   69   81   96  109  119  130  142
    15.0-180.0 180.0   5.0 450.0                            LAT/LON1/LON2/DLON/H
  145  160  176  192  206  220  238  260  278  289  294  299  302  304  305  305
  302  297  291  282  273  266  260  258  267  288  312  329  349  384  421  435
  416  372  316  256  200  155  125  108   99   94   94   96  101  105  106  103
   96   84   76   78   83   86   84   81   75   71   68   66   65   64   63   61
   60   61   67   79   95  108  119  130  145
    12.5-180.0 180.0   5.0 450.0                            LAT/LON1/LON2/DLON/H
  147  165  184  201  216  231  252  276  298  311  318  322  325  326  327  329
  330  328  324  316  304  293  281  274  282  304  328  344  360  388  419  426
  401  356  301  245  195  157  132  118  110  106  106  110  116  123  126  125
  116  101   88   85   87   88   87   83   78   72   69   67   66   65   63   61
   59   60   65   78   93  106  118  131  147
    10.0-180.0 180.0   5.0 450.0                            LAT/LON1/LON2/DLON/H
  150  171  193  212  228  244  265  291  315  331  341  346  349  349  351  356
  363  367  365  357  343  324  306  293  297  317  340  352  362  379  398  398
  371  327  278  230  190  161  143  133  127  124  124  128  135  142  147  146
  135  115   98   90   90   91   90   87   81   74   69   66   65   64   63   61
   59   59   64   77   92  105  116  131  150
     7.5-180.0 180.0   5.0 450.0                            LAT/LON1/LON2/DLON/H
  153  177  200  222  240  257  278  303  328  346  357  365  368  369  372  382
  396  407  411  403  384  359  332  313  312  329  347  355  357  363  368  360
  333  294  253  217  189  171  160  154  148  144  143  146  151  158  162  159
  147  124  103   92   90   91   92   90   83   75   69   65   63   62   62   61
   60   59   64   76   91  104  116  132  153
     5.0-180.0 180.0   5.0 450.0                            LAT/LON1/LON2/DLON/H
  154  180  205  229  250  268  288  312  334  352  364  373  378  380  386  401
  422  441  450  444  422  390  356  331  326  337  351  355  351  345  339  325
  299  267  236  212  196  187  181  175  168  162  159  160  163  167  167  162
  147  123  102   90   88   90   94   93   86   76   69   63   60   60   61   62
   61   60   64   76   91  104  116  132  154
     2.5-180.0 180.0   5.0 450.0                            LAT/LON1/LON2/DLON/H
  154  179  206  232  256  277  296  316  334  349  359  366  372  377  386  406
  433  459  474  471  446  411  373  345  337  343  353  354  346  332  317  300
  278  253  230  215  208  205  200  193  183  174  169  166  166  165  162  153
  138  115   96   85   83   87   93   94   87   77   68   62   58   58   60   62
   63   62   65   77   91  105  117  133  154
