ASEN5090_GNSS/Homework/HW7/jplg0790.09i
     1.0            IONOSPHERE MAPS     GPS                 IONEX VERSION / TYPE
GIM V3.0            JPL - GNISD         25-mar-2009 01:07   PGM / RUN BY / DATE 
JPL'S GLOBAL IONOSPHERE MAPS YEAR 2009 DAY 079              COMMENT             
Global Ionospheric Maps (GIM) are generated on an hourly    DESCRIPTION         
and daily basis at JPL using data from up to 100 GPS sites  DESCRIPTION         
of the IGS and others institutions.                         DESCRIPTION         
The vertical TEC is modeled in a solar-geomagnetic          DESCRIPTION         
reference frame using bi-cubic splines on a spherical grid. DESCRIPTION         
A Kalman filter is used to solve simultaneously for         DESCRIPTION         
instrumental biases and VTEC on the grid (as stochastic     DESCRIPTION         
parameters).                                                DESCRIPTION         
Contact Address:  gpsiono@cobra.jpl.nasa.gov .              DESCRIPTION         
  2009     3    20     0     0     0                        EPOCH OF FIRST MAP  
  2009     3    21     0     0     0                        EPOCH OF LAST MAP   
  7200                                                      INTERVAL            
    13                                                      # OF MAPS IN FILE   
  NONE                                                      MAPPING FUNCTION    
    10.0                                                    ELEVATION CUTOFF    
One-way carrier phase leveled to code                       OBSERVABLES USED    
   180                                                      # OF STATIONS       
    31                                                      # OF SATELLITES     
  6371.0                                                    BASE RADIUS         
     2                                                      MAP DIMENSION       
   450.0 450.0   0.0                                        HGT1 / HGT2 / DHGT  
    87.5 -87.5  -2.5                                        LAT1 / LAT2 / DLAT  
  -180.0 180.0   5.0                                        LON1 / LON2 / DLON  
    -1                                                      EXPONENT            
TEC/RMS values in 0.1 TECU; 9999, if no value available     COMMENT             
                                                            END OF HEADER       
[from data line 1287]
     4                                                      START OF TEC MAP    
  2009     3    20     6     0     0                        EPOCH OF CURRENT MAP
    87.5-180.0 180.0   5.0 450.0                            LAT/LON1/LON2/DLON/H
   60   60   60   59   59   59   59   59   58   58   58   58   57   57   57   57
   56   56   56   56   56   56   56   56   56   56   56   57   57   57   57   58
   58   58   59   59   59   60   60   60   60   61   61   61   61   61   61   61
   61   61   61   61   61   61   61   61   61   61   61   60   60   60   60   60
   60   60   60   60   60   60   60   60   60
    85.0-180.0 180.0   5.0 450.0                            LAT/LON1/LON2/DLON/H
   61   61   61   60   60   60   59   59   58   57   56   56   55   54   54   53
   52   52   51   51   51   51   51   51   51   51   52   52   53   53   54   55
   55   56   57   58   59   59   60   61   61   62   62   63   63   63   63   63
   63   63   63   63   62   62   62   61   61   61   60   60   60   60   60   60
   60   60   60   61   61   61   61   61   61
    82.5-180.0 180.0   5.0 450.0                            LAT/LON1/LON2/DLON/H
   63   62   62   61   61   60   59   58   56   55   54   53   52   50   49   48
   47   47   46   45   45   45   45   45   45   46   46   47   48   49   50   51
   52   53   55   56   57   59   60   61   62   63   64   64   65   65   65   65
   65   65   65   64   63   63   62   61   61   60   60   59   59   59   59   60
   60   61   61   62   62   62   63   63   63
    80.0-180.0 180.0   5.0 450.0                            LAT/LON1/LON2/DLON/H
   64   63   62   61   60   58   57   55   54   52   50   49   47   46   44   43
   42   41   40   40   39   39   39   39   40   40   41   42   43   44   46   47
   49   51   52   54   56   58   59   61   62   64   65   66   67   67   67   68
   67   67   67   66   65   64   63   62   61   61   60   60   60   60   60   60
   61   62   63   63   64   64   64   64   64
    77.5-180.0 180.0   5.0 450.0                            LAT/LON1/LON2/DLON/H
   65   64   62   60   58   56   54   52   50   48   47   45   43   42   40   39
   38   37   36   36   35   35   35   35   36   37   37   38   40   41   42   44
   46   48   50   52   54   56   58   60   62   64   66   67   68   69   69   70
   70   69   69   68   68   67   66   65   64   63   62   62   62   62   62   63
   64   65   65   66   66   66   66   66   65
    75.0-180.0 180.0   5.0 450.0                            LAT/LON1/LON2/DLON/H
   66   64   62   59   57   54   51   49   47   45   43   42   40   39   38   36
   35   34   34   33   33   33   33   33   34   34   35   36   37   38   40   41
   43   45   47   49   52   54   57   60   62   64   66   68   69   70   71   72
   72   72   72   72   71   70   69   69   68   67   67   66   66   67   67   68
   68   69   69   69   69   69   69   67   66
    72.5-180.0 180.0   5.0 450.0                            LAT/LON1/LON2/DLON/H
   67   65   62   59   56   52   50   47   45   43   41   40   38   37   36   35
   34   33   32   32   32   32   32   32   33   33   34   35   35   36   37   38
   40   42   44   47   49   52   55   58   61   64   66   69   71   72   73   74
   75   75   75   75   75   75   74   74   73   73   72   72   72   72   72   73
   73   73   73   73   73   72   71   69   67
    70.0-180.0 180.0   5.0 450.0                            LAT/LON1/LON2/DLON/H
   69   67   63   60   56   52   49   46   44   42   40   38   37   36   35   34
   33   33   32   32   32   31   31   32   32   32   33   33   34   34   35   36
   37   39   41   44   47   50   54   57   60   64   67   69   72   73   75   76
   77   78   79   79   79   79   79   79   79   78   78   77   77   77   77   77
   77   77   77   76   76   75   73   72   69
    67.5-180.0 180.0   5.0 450.0                            LAT/LON1/LON2/DLON/H
   72   69   66   62   58   54   50   47   44   41   39   38   37   36   35   34
   33   33   32   32   31   31   31   30   30   30   31   31   31   32   32   33
   34   36   39   41   45   48   52   56   60   63   67   70   73   75   77   79
   80   81   82   83   83   84   84   85   84   84   83   82   81   80   79   79
   79   78   78   78   77   77   76   74   72
    65.0-180.0 180.0   5.0 450.0                            LAT/LON1/LON2/DLON/H
   75   72   69   66   62   57   53   49   45   42   40   38   37   36   36   35
   34   33   32   32   31   30   29   28   27   27   28   28   29   29   30   30
   32   34   37   40   43   47   51   55   60   64   67   71   74   77   79   81
   83   84   85   86   87   88   89   90   90   89   87   85   83   81   79   78
   78   77   78   78   78   78   77   76   75
    62.5-180.0 180.0   5.0 450.0                            LAT/LON1/LON2/DLON/H
   76   75   73   69   66   61   56   52   47   43   41   39   38   37   36   36
   35   34   33   31   30   28   27   26   25   24   25   26   27   28   28   29
   30   33   36   39   43   47   51   55   60   64   69   73   77   80   82   84
   86   87   88   90   91   93   94   95   95   94   91   88   84   80   78   76
   75   75   75   76   77   78   78   77   76
    60.0-180.0 180.0   5.0 450.0                            LAT/LON1/LON2/DLON/H
   77   76   75   72   69   65   60   54   49   45   42   40   39   38   38   37
   36   34   33   31   29   27   25   24   23   23   24   26   27   28   28   29
   30   33   37   40   44   48   52   57   61   66   71   76   80   83   86   88
   90   91   92   94   96   97   99  101  101   99   95   91   86   81   77   74
   72   72   73   74   76   77   78   77   77
    57.5-180.0 180.0   5.0 450.0                            LAT/LON1/LON2/DLON/H
   76   76   75   74   71   67   62   57   52   48   44   42   41   40   39   38
   37   35   33   31   29   27   25   24   24   25   27   29   31   31   31   31
   32   35   39   42   46   50   54   59   64   69   74   79   84   88   90   92
   94   95   97   99  101  103  105  107  107  105  101   96   90   84   79   75
   72   71   72   74   76   77   77   77   76
    55.0-180.0 180.0   5.0 450.0                            LAT/LON1/LON2/DLON/H
   76   76   75   74   72   69   65   60   55   51   48   45   44   42   41   40
   38   37   34   32   30   28   26   26   28   30   34   37   39   38   36   35
   35   38   41   45   49   53   57   62   67   72   78   84   89   93   95   97
   99  101  103  105  108  110  113  115  115  114  110  104   98   91   85   80
   76   74   74   76   78   78   78   77   76
    52.5-180.0 180.0   5.0 450.0                            LAT/LON1/LON2/DLON/H
   77   77   76   75   73   70   67   63   60   56   53   50   48   46   44   42
   41   38   36   34   32   30   30   32   35   40   44   48   49   47   44   40
   39   41   44   48   52   56   60   66   71   77   83   89   94   98  100  103
  104  107  110  113  116  119  122  123  124  123  120  115  109  103   97   91
   85   82   81   82   83   83   81   79   77
    50.0-180.0 180.0   5.0 450.0                            LAT/LON1/LON2/DLON/H
   82   80   79   78   75   72   69   67   65   63   61   58   54   51   48   46
   43   41   39   37   35   34   36   39   45   51   56   59   60   57   52   46
   44   45   47   51   54   59   64   70   76   82   88   94   99  103  105  108
  110  113  117  121  124  128  130  132  133  132  129  125  121  115  109  103
   97   93   91   91   91   90   88   84   82
    47.5-180.0 180.0   5.0 450.0                            LAT/LON1/LON2/DLON/H
   90   88   86   84   80   76   73   72   72   72   70   67   63   59   54   50
   47   44   42   40   40   40   42   48   55   62   67   70   69   65   58   52
   49   48   50   53   57   62   69   75   82   87   93   99  104  108  110  112
  115  119  124  128  132  135  138  140  141  140  137  134  130  125  120  115
  109  104  101  101  101  100   97   93   90
    45.0-180.0 180.0   5.0 450.0                            LAT/LON1/LON2/DLON/H
  100   98   96   93   88   83   79   78   80   81   81   78   73   67   61   56
   52   48   46   45   45   46   50   56   64   71   75   76   74   70   63   57
   53   52   53   56   61   67   74   82   88   93   99  104  109  113  115  117
  120  124  128  132  136  140  144  146  147  145  142  138  133  129  126  121
  116  112  110  111  111  109  106  103  100
    42.5-180.0 180.0   5.0 450.0                            LAT/LON1/LON2/DLON/H
  111  110  108  104   98   92   86   85   86   89   90   88   84   77   69   62
   57   53   51   51   52   54   57   64   71   77   80   79   76   71   65   60
   57   56   57   60   65   72   81   89   95   99  104  109  114  117  119  121
  123  126  129  132  137  142  147  150  151  148  142  136  130  126  123  121
  118  116  116  118  119  118  115  113  111
    40.0-180.0 180.0   5.0 450.0                            LAT/LON1/LON2/DLON/H
  120  120  118  115  108  100   93   90   91   95   98   97   93   86   77   69
   63   58   57   57   59   61   64   70   76   81   82   79   75   70   66   63
   60   60   61   64   71   79   89   97  102  106  110  115  120  123  124  125
  126  126  127  129  134  141  149  154  156  151  143  134  126  121  117  116
  116  117  119  122  123  123  121  120  120
    37.5-180.0 180.0   5.0 450.0                            LAT/LON1/LON2/DLON/H
  125  126  125  122  116  108   99   94   94   98  102  104  101   94   84   75
   68   64   62   64   66   68   70   75   80   82   81   77   72   68   66   65
   63   63   65   69   77   86   97  105  109  112  115  121  125  128  129  129
  128  127  125  127  133  143  154  163  166  160  149  137  127  119  115  114
  115  118  122  125  126  125  124  124  125
    35.0-180.0 180.0   5.0 450.0                            LAT/LON1/LON2/DLON/H
  126  126  125  123  119  111  102   96   95   99  104  107  106  100   91   81
   73   69   67   69   71   73   75   78   81   82   79   74   69   67   66   66
   66   67   69   74   83   93  104  112  116  118  121  126  131  134  135  134
  132  129  126  128  137  151  166  179  184  179  166  152  139  129  122  119
  121  125  129  131  130  128  126  126  126
    32.5-180.0 180.0   5.0 450.0                            LAT/LON1/LON2/DLON/H
  128  125  121  119  116  111  103   96   95   98  104  109  109  105   96   86
   78   73   71   72   74   76   77   79   80   80   77   71   67   66   67   68
   69   70   72   78   87   99  110  117  121  123  126  132  137  140  141  140
  139  135  133  137  151  170  190  206  214  210  198  184  170  157  145  139
  138  141  145  144  140  134  130  129  128
    30.0-180.0 180.0   5.0 450.0                            LAT/LON1/LON2/DLON/H
  133  126  119  115  112  108  102   96   94   97  102  108  110  107   99   89
   81   75   73   74   76   77   78   78   78   77   74   70   66   66   68   70
   71   71   74   80   90  102  113  121  124  126  130  137  143  146  148  148
  148  147  148  157  175  199  223  242  253  252  242  229  215  200  184  173
  170  171  172  168  158  148  141  137  133
    27.5-180.0 180.0   5.0 450.0                            LAT/LON1/LON2/DLON/H
  146  136  124  116  111  107  101   96   94   95   99  104  107  105   99   90
   82   76   74   74   76   77   77   76   75   74   72   69   66   66   68   71
   72   72   74   81   91  103  114  122  125  128  133  141  147  152  155  158
  161  164  170  184  206  233  259  280  292  293  287  277  264  248  229  214
  209  209  208  200  187  172  160  153  146
    25.0-180.0 180.0   5.0 450.0                            LAT/LON1/LON2/DLON/H
  172  159  142  129  119  111  104   98   95   94   95   98  100  100   95   88
   81   76   73   74   75   76   76   75   74   72   71   68   67   67   69   70
   71   71   73   79   89  102  113  121  125  128  134  143  150  157  162  169
  175  183  194  212  237  264  290  310  322  326  323  316  307  291  271  253
  247  248  246  237  221  202  188  180  172
    22.5-180.0 180.0   5.0 450.0                            LAT/LON1/LON2/DLON/H
  207  195  177  157  139  124  113  105   98   94   91   90   91   91   88   82
   77   73   71   72   73   75   75   75   74   73   72   70   68   67   68   69
   69   68   70   76   86   99  111  119  123  127  134  143  152  160  169  179
  189  200  215  235  260  285  308  325  335  340  340  337  330  317  298  282
  277  280  280  271  254  234  219  212  207
    20.0-180.0 180.0   5.0 450.0                            LAT/LON1/LON2/DLON/H
  244  237  220  198  172  148  129  115  104   96   89   84   82   81   79   75
   71   69   68   70   72   74   76   77   77   77   75   72   69   67   67   67
   66   65   66   71   82   94  106  115  120  125  132  142  152  163  175  188
  200  214  230  248  269  289  306  318  325  330  332  332  329  319  304  292
  292  300  304  298  283  263  248  244  244
    17.5-180.0 180.0   5.0 450.0                            LAT/LON1/LON2/DLON/H
  277  277  265  242  210  178  151  130  115  103   91   81   76   74   72   69
   66   65   66   69   72   75   78   81   83   83   80   76   71   68   66   65
   63   61   61   66   76   89  101  110  116  122  131  141  153  165  180  195
  208  221  235  250  266  280  290  296  300  304  308  311  311  305  295  288
  293  305  313  311  300  283  271  271  277
    15.0-180.0 180.0   5.0 450.0                            LAT/LON1/LON2/DLON/H
  297  306  301  281  247  209  174  147  128  113   98   83   74   70   68   65
   64   64   67   70   73   78   82   86   89   89   85   79   73   68   64   62
   59   56   56   61   71   83   95  105  112  120  129  140  153  167  184  200
  213  224  235  245  256  264  269  271  272  276  281  287  290  289  283  280
  287  301  311  314  307  293  282  286  297
    12.5-180.0 180.0   5.0 450.0                            LAT/LON1/LON2/DLON/H
  301  316  321  307  275  234  195  164  143  127  109   91   79   73   70   67
   66   68   71   74   78   82   87   91   94   94   90   82   74   68   63   59
   55   52   52   56   65   77   89  100  109  118  129  141  154  169  187  203
  215  223  231  239  246  252  254  252  252  255  262  271  279  282  279  277
  282  294  305  310  305  294  285  288  301
    10.0-180.0 180.0   5.0 450.0                            LAT/LON1/LON2/DLON/H
  294  312  323  316  289  250  211  179  158  142  123  103   89   81   77   75
   75   77   81   84   86   89   92   96   98   97   91   83   75   68   61   56
   52   48   47   51   59   71   83   95  105  116  129  142  155  170  188  204
  215  222  229  236  243  250  253  251  250  253  262  276  290  297  294  288
  286  290  296  301  299  290  281  282  294
     7.5-180.0 180.0   5.0 450.0                            LAT/LON1/LON2/DLON/H
  280  299  314  312  290  256  219  189  172  157  138  116  101   94   89   87
   87   91   95   97   97   98   99  100  100   97   91   82   75   68   60   54
   48   45   43   46   54   65   78   90  102  116  130  143  155  169  187  202
  213  221  229  239  251  262  269  270  268  271  281  301  323  334  330  317
  303  293  291  293  291  284  276  272  280
     5.0-180.0 180.0   5.0 450.0                            LAT/LON1/LON2/DLON/H
  268  284  301  302  285  255  222  196  183  171  152  130  116  108  103  101
  102  106  111  112  110  108  106  103  101   96   89   81   74   67   59   52
   46   42   40   42   49   61   74   87  100  114  129  142  154  166  182  197
  209  220  233  247  265  283  296  299  297  300  311  336  365  381  375  354
  325  301  288  285  284  279  271  264  268
     2.5-180.0 180.0   5.0 450.0                            LAT/LON1/LON2/DLON/H
  263  275  289  291  277  252  223  202  192  183  164  143  129  122  118  115
  116  121  126  126  122  117  112  106  101   94   86   78   72   65   58   51
   45   40   38   39   46   57   71   84   97  112  127  140  150  161  175  189
  202  217  235  255  279  305  324  330  329  331  342  370  404  423  416  387
  346  308  285  277  276  276  270  263  263
