ASEN5090_GNSS/Homework/HW7/jplg0790.14i
     1.0            IONOSPHERE MAPS     GPS                 IONEX VERSION / TYPE
GIM V3.0            JPL - GNISD         23-mar-2014 01:16   PGM / RUN BY / DATE 
JPL'S GLOBAL IONOSPHERE MAPS YEAR 2014 DAY 079              COMMENT             
Global Ionospheric Maps (GIM) are generated on an hourly    DESCRIPTION         
and daily basis at JPL using data from up to 100 GPS sites  DESCRIPTION         
of the IGS and others institutions.                         DESCRIPTION         
The vertical TEC is modeled in a solar-geomagnetic          DESCRIPTION         
reference frame using bi-cubic splines on a spherical grid. DESCRIPTION         
A Kalman filter is used to solve simultaneously for         DESCRIPTION         
instrumental biases and VTEC on the grid (as stochastic     DESCRIPTION         
parameters).                                                DESCRIPTION         
Contact Address:  gpsiono@cobra.jpl.nasa.gov .              DESCRIPTION         
  2014     3    20     0     0     0                        EPOCH OF FIRST MAP  
  2014     3    21     0     0     0                        EPOCH OF LAST MAP   
  7200                                                      INTERVAL            
    13                                                      # OF MAPS IN FILE   
  NONE                                                      MAPPING FUNCTION    
    10.0                                                    ELEVATION CUTOFF    
One-way carrier phase leveled to code                       OBSERVABLES USED    
   170                                                      # OF STATIONS       
    31                                                      # OF SATELLITES     
  6371.0                                                    BASE RADIUS         
     2                                                      MAP DIMENSION       
   450.0 450.0   0.0                                        HGT1 / HGT2 / DHGT  
    87.5 -87.5  -2.5                                        LAT1 / LAT2 / DLAT  
  -180.0 180.0   5.0                                        LON1 / LON2 / DLON  
    -1                                                      EXPONENT            
TEC/RMS values in 0.1 TECU; 9999, if no value available     COMMENT             
                                                            END OF HEADER       
[from data line 5148]
    13                                                      START OF TEC MAP    
  2014     3    21     0     0     0                        EPOCH OF CURRENT MAP
    87.5-180.0 180.0   5.0 450.0                            LAT/LON1/LON2/DLON/H
  236  237  238  238  239  240  240  241  242  242  243  243  243  243  244  243
  243  243  243  242  241  240  239  238  237  236  234  233  231  230  228  227
  226  224  223  222  221  220  220  219  219  219  219  219  219  220  220  221
  222  222  223  224  225  225  226  227  227  228  229  229  230  230  231  231
  232  232  233  233  234  234  235  236  236
    85.0-180.0 180.0   5.0 450.0                            LAT/LON1/LON2/DLON/H
  249  250  252  254  256  257  259  261  263  265  266  268  269  270  270  271
  270  270  269  268  267  266  264  262  259  256  253  250  247  243  240  236
  233  229  226  223  221  219  218  217  217  217  218  219  220  222  224  226
  228  230  232  234  235  237  238  239  240  241  241  242  242  242  242  243
  243  243  243  244  245  245  246  248  249
    82.5-180.0 180.0   5.0 450.0                            LAT/LON1/LON2/DLON/H
  262  265  268  271  275  278  282  285  288  291  294  296  298  299  300  300
  300  299  299  298  296  294  292  290  287  283  279  275  270  265  259  253
  248  242  236  231  227  224  222  220  220  221  222  224  226  229  232  236
  239  242  246  249  251  253  255  256  256  257  257  257  256  256  255  255
  255  255  255  255  256  257  258  260  262
    80.0-180.0 180.0   5.0 450.0                            LAT/LON1/LON2/DLON/H
  276  281  286  291  297  303  308  314  318  322  324  326  327  327  327  326
  325  323  322  321  320  318  317  316  314  311  308  303  298  291  284  276
  268  260  252  245  238  234  230  227  226  226  227  230  233  236  240  245
  249  253  257  260  263  266  267  268  269  268  268  267  267  266  265  264
  264  264  264  264  265  267  269  272  276
    77.5-180.0 180.0   5.0 450.0                            LAT/LON1/LON2/DLON/H
  291  298  306  314  323  331  339  345  350  353  354  354  352  349  345  341
  338  335  332  331  330  331  331  333  333  333  331  328  322  315  307  297
  287  276  266  257  249  243  238  234  232  231  231  233  235  239  243  247
  251  255  259  262  264  266  268  268  269  269  268  268  267  267  267  267
  267  268  269  271  273  276  281  286  291
    75.0-180.0 180.0   5.0 450.0                            LAT/LON1/LON2/DLON/H
  308  318  329  340  351  361  370  377  381  382  380  376  369  362  354  347
  340  335  331  329  329  330  333  337  341  344  344  342  337  330  320  308
  296  283  272  261  253  245  240  235  232  231  230  230  231  232  235  237
  240  243  246  248  251  253  254  255  256  257  257  258  259  260  261  263
  265  268  271  275  280  285  292  300  308
    72.5-180.0 180.0   5.0 450.0                            LAT/LON1/LON2/DLON/H
  326  338  351  364  377  388  398  405  408  407  402  394  384  372  361  350
  340  331  325  321  320  322  327  333  338  343  345  343  338  330  318  304
  289  275  263  253  245  238  233  229  225  222  220  217  215  214  214  215
  217  219  221  223  226  229  231  234  236  239  241  244  246  249  253  257
  261  266  272  279  287  295  305  315  326
    70.0-180.0 180.0   5.0 450.0                            LAT/LON1/LON2/DLON/H
  344  356  369  381  394  407  418  425  427  425  419  410  398  384  370  356
  342  330  321  314  312  313  317  322  327  331  333  330  323  312  298  282
  266  252  241  232  226  221  218  214  210  205  200  195  191  188  186  185
  186  188  190  193  197  201  205  210  215  220  225  230  235  241  247  253
  260  268  276  286  297  308  320  332  344
    67.5-180.0 180.0   5.0 450.0                            LAT/LON1/LON2/DLON/H
  361  371  380  390  402  414  425  434  438  437  432  424  412  400  385  369
  353  338  324  314  309  307  309  310  312  312  309  303  292  279  263  247
  232  219  210  204  200  198  197  194  189  183  176  169  163  158  155  154
  154  156  158  163  168  175  182  190  198  206  214  222  231  239  247  256
  265  275  286  298  311  324  337  350  361
    65.0-180.0 180.0   5.0 450.0                            LAT/LON1/LON2/DLON/H
  377  383  387  393  401  411  421  431  438  441  440  435  427  416  403  388
  371  354  338  325  315  309  305  300  295  287  278  266  252  237  221  206
  193  183  177  175  174  175  174  171  167  160  152  144  137  131  128  126
  126  128  132  138  146  155  166  178  190  202  213  225  236  247  257  268
  279  290  302  316  330  344  358  369  377
    62.5-180.0 180.0   5.0 450.0                            LAT/LON1/LON2/DLON/H
  396  396  395  395  397  404  413  422  431  437  440  441  438  432  422  409
  393  376  358  343  329  318  307  294  280  264  247  230  212  195  180  167
  158  153  152  152  154  155  155  153  148  142  134  126  119  114  110  108
  108  111  115  122  132  144  158  174  190  205  221  235  249  263  275  288
  300  312  325  340  355  369  382  392  396
    60.0-180.0 180.0   5.0 450.0                            LAT/LON1/LON2/DLON/H
  421  417  410  403  400  401  406  414  422  429  435  440  443  442  437  428
  415  399  381  363  346  329  312  292  269  246  223  201  181  163  150  141
  137  136  138  140  142  144  143  141  137  132  125  119  114  109  105  102
  101  102  106  113  124  139  156  176  195  215  233  251  268  284  298  312
  326  339  353  368  383  398  411  419  421
    57.5-180.0 180.0   5.0 450.0                            LAT/LON1/LON2/DLON/H
  453  448  438  426  416  411  410  412  417  422  429  436  442  446  446  442
  433  420  403  383  363  341  319  294  266  238  211  186  165  149  138  132
  131  132  135  137  139  139  139  137  135  132  129  125  121  115  110  105
  102  101  105  111  123  139  159  182  205  227  249  270  289  307  323  339
  353  367  382  397  413  430  443  452  453
    55.0-180.0 180.0   5.0 450.0                            LAT/LON1/LON2/DLON/H
  490  486  476  463  450  438  429  424  421  422  425  431  439  446  450  450
  446  435  419  399  376  352  327  300  270  241  214  190  169  152  141  137
  137  139  141  142  142  142  141  141  142  142  142  139  135  129  122  115
  110  107  109  115  126  143  165  190  216  241  265  288  309  329  347  364
  380  395  410  427  444  461  477  487  490
    52.5-180.0 180.0   5.0 450.0                            LAT/LON1/LON2/DLON/H
  530  529  522  510  496  481  466  452  440  432  429  431  437  445  452  455
  454  446  431  410  385  360  335  309  282  255  230  206  185  168  156  151
  150  151  151  150  149  148  148  151  154  157  158  157  154  147  138  129
  122  118  118  123  133  150  173  199  227  254  280  305  328  349  369  387
  404  420  437  454  473  492  510  523  530
    50.0-180.0 180.0   5.0 450.0                            LAT/LON1/LON2/DLON/H
  568  572  568  559  546  530  511  491  471  453  441  436  438  445  453  458
  459  452  438  417  392  367  343  320  296  273  251  228  207  189  175  168
  165  163  161  159  157  157  158  162  167  172  175  175  171  163  153  143
  135  131  130  134  143  159  182  209  237  265  292  318  343  365  387  406
  425  442  460  478  498  520  540  557  568
    47.5-180.0 180.0   5.0 450.0                            LAT/LON1/LON2/DLON/H
  600  607  608  604  594  578  558  533  507  482  461  448  445  449  456  461
  462  456  442  421  396  372  350  330  311  291  271  250  228  208  193  183
  177  173  171  169  167  167  168  173  179  185  188  187  183  175  166  157
  150  146  145  146  153  168  189  216  245  274  301  328  353  378  400  422
  441  460  479  499  521  544  566  586  600
    45.0-180.0 180.0   5.0 450.0                            LAT/LON1/LON2/DLON/H
  626  635  638  636  629  617  597  572  543  512  484  465  456  458  463  466
  465  458  445  425  401  377  357  339  322  304  284  263  241  221  204  193
  187  183  182  181  181  180  179  182  187  192  195  195  191  185  177  170
  164  161  160  160  165  176  195  220  249  278  306  333  359  385  409  433
  454  475  495  517  540  565  589  610  626
    42.5-180.0 180.0   5.0 450.0                            LAT/LON1/LON2/DLON/H
  649  658  661  659  652  641  624  602  573  541  509  485  472  471  473  473
  468  460  448  429  406  382  362  344  328  310  289  267  245  227  212  202
  197  196  197  200  200  196  191  189  191  196  199  200  198  194  188  183
  180  177  175  173  175  183  199  221  248  277  305  333  359  387  414  439
  463  485  508  532  557  584  610  632  649
    40.0-180.0 180.0   5.0 450.0                            LAT/LON1/LON2/DLON/H
  671  680  681  676  667  655  640  621  595  565  533  507  492  488  487  482
  474  463  451  434  411  388  366  348  330  311  289  267  246  230  219  212
  211  214  221  228  228  219  207  199  198  202  206  208  208  206  202  198
  195  193  189  185  184  188  199  218  244  273  302  329  356  385  414  442
  468  492  517  543  571  601  629  653  671
    37.5-180.0 180.0   5.0 450.0                            LAT/LON1/LON2/DLON/H
  696  706  703  692  679  666  652  634  612  586  556  531  515  509  505  495
  482  469  455  438  417  393  371  351  333  312  290  267  248  236  229  227
  231  241  255  266  267  252  231  215  211  215  220  223  224  223  219  215
  211  207  201  195  191  190  197  214  239  268  298  325  352  382  413  444
  471  498  525  554  585  617  648  675  696
    35.0-180.0 180.0   5.0 450.0                            LAT/LON1/LON2/DLON/H
  727  738  732  715  696  680  665  649  630  607  581  557  542  535  527  514
  495  477  461  443  422  399  376  356  337  317  295  274  257  247  245  249
  261  278  299  314  315  296  267  244  236  239  245  249  248  243  238  232
  225  218  210  201  194  191  195  209  235  265  295  322  348  378  412  445
  475  503  533  565  600  635  670  702  727
    32.5-180.0 180.0   5.0 450.0                            LAT/LON1/LON2/DLON/H
  766  780  771  747  722  702  685  669  652  631  608  587  572  564  554  537
  514  490  468  447  426  404  383  364  347  329  310  291  276  269  271  282
  300  325  351  370  373  351  316  288  277  277  281  280  273  264  254  244
  234  224  214  204  194  188  191  206  233  265  296  322  348  377  411  447
  480  512  545  580  617  657  697  735  766
    30.0-180.0 180.0   5.0 450.0                            LAT/LON1/LON2/DLON/H
  817  836  823  793  761  737  718  700  681  661  639  619  604  594  582  561
  534  505  477  452  430  410  392  376  363  350  336  320  308  304  310  326
  350  380  410  433  437  417  380  345  327  321  319  310  296  279  263  249
  235  223  211  201  190  183  186  204  234  269  301  327  351  379  414  451
  488  524  561  599  640  684  731  778  817
    27.5-180.0 180.0   5.0 450.0                            LAT/LON1/LON2/DLON/H
  882  906  892  854  814  784  762  742  721  698  673  652  636  624  608  585
  554  520  486  456  434  419  406  395  387  380  372  361  353  354  365  385
  413  445  476  499  505  485  446  404  375  361  350  332  308  283  261  243
  227  214  203  193  183  176  181  203  237  275  308  335  357  384  419  459
  500  540  581  623  669  719  774  832  882
    25.0-180.0 180.0   5.0 450.0                            LAT/LON1/LON2/DLON/H
  961  993  979  934  884  845  817  794  770  742  713  687  667  651  631  604
  570  533  493  460  440  430  425  422  421  420  418  414  413  420  437  461
  490  519  544  562  565  545  503  452  412  387  366  338  304  272  247  227
  212  200  190  182  173  168  175  202  241  282  317  344  367  393  429  471
  515  560  605  651  701  758  824  897  961
    22.5-180.0 180.0   5.0 450.0                            LAT/LON1/LON2/DLON/H
 1043 1090 1083 1034  971  918  883  857  831  799  762  728  700  676  649  616
  581  542  500  465  448  447  452  459  465  470  474  479  488  504  526  550
  572  591  605  611  607  584  537  477  424  388  359  324  284  250  225  207
  194  184  176  170  162  158  169  200  244  288  326  355  378  405  442  487
  534  582  630  679  732  796  872  960 1043
    20.0-180.0 180.0   5.0 450.0                            LAT/LON1/LON2/DLON/H
 1111 1176 1184 1139 1066  999  957  931  905  871  826  781  742  707  669  628
  590  549  506  472  460  469  486  505  520  529  536  549  568  591  615  633
  644  647  646  638  622  591  536  466  404  364  333  297  257  224  202  187
  177  169  163  158  151  149  162  198  246  293  334  365  391  420  460  507
  556  605  655  705  759  825  908 1010 1111
    17.5-180.0 180.0   5.0 450.0                            LAT/LON1/LON2/DLON/H
 1145 1230 1258 1225 1150 1077 1033 1013  995  963  911  852  798  751  700  649
  605  564  521  487  479  496  525  554  576  586  593  610  635  661  682  691
  687  674  655  631  600  558  497  425  363  324  296  264  228  200  183  173
  166  159  154  148  142  140  156  196  248  298  341  375  405  438  482  531
  580  629  678  727  777  837  919 1029 1145
    15.0-180.0 180.0   5.0 450.0                            LAT/LON1/LON2/DLON/H
 1127 1229 1280 1268 1203 1134 1099 1093 1092 1072 1019  945  875  815  752  688
  636  593  551  517  510  529  563  598  623  630  632  648  673  695  707  704
  685  655  621  585  545  497  435  368  313  280  259  234  205  185  174  169
  163  155  148  140  134  134  152  195  250  302  348  385  419  456  503  554
  604  651  699  745  786  830  898 1003 1127
    12.5-180.0 180.0   5.0 450.0                            LAT/LON1/LON2/DLON/H
 1048 1155 1227 1245 1207 1158 1142 1156 1179 1179 1133 1051  972  904  831  754
  691  645  603  566  553  567  595  627  649  649  643  651  665  674  671  655
  626  591  555  516  474  426  369  312  268  245  231  214  194  181  175  172
  165  156  146  136  128  129  150  196  253  308  355  395  432  474  523  576
  625  671  718  760  788  809  852  936 1048
    10.0-180.0 180.0   5.0 450.0                            LAT/LON1/LON2/DLON/H
  936 1028 1105 1149 1149 1135 1147 1186 1235 1260 1227 1148 1069 1004  930  844
  772  725  683  640  614  608  616  633  643  633  615  606  602  593  578  557
  531  503  475  443  406  363  316  272  243  229  219  206  193  185  183  180
  173  161  147  134  125  128  152  200  259  314  362  404  445  488  538  592
  642  689  737  775  790  787  798  851  936
     7.5-180.0 180.0   5.0 450.0                            LAT/LON1/LON2/DLON/H
  822  886  954 1013 1047 1068 1106 1168 1241 1291 1278 1212 1145 1092 1024  936
  861  817  779  730  683  648  624  613  605  582  551  526  503  479  458  441
  427  416  403  385  360  327  292  262  243  232  220  208  199  196  195  192
  182  168  151  134  125  130  157  206  266  322  369  413  455  499  548  601
  653  705  756  793  799  774  756  773  822
     5.0-180.0 180.0   5.0 450.0                            LAT/LON1/LON2/DLON/H
  739  767  816  881  940  985 1035 1103 1184 1251 1261 1222 1178 1146 1092 1009
  938  902  870  815  747  678  616  574  545  509  467  429  392  360  342  337
  343  354  362  362  350  326  298  275  261  248  232  217  210  209  208  203
  192  176  157  137  127  134  163  213  273  328  375  419  462  506  553  605
  660  717  774  815  819  785  745  729  739
     2.5-180.0 180.0   5.0 450.0                            LAT/LON1/LON2/DLON/H
  721  712  733  791  861  914  961 1018 1089 1153 1177 1164 1150 1143 1109 1041
  981  958  936  876  788  687  591  520  471  425  377  332  292  265  260  277
  306  340  365  376  370  350  323  303  289  273  251  232  224  223  220  213
  201  184  163  142  130  138  169  219  277  331  378  422  466  509  554  604
  661  724  788  837  846  816  773  741  721
