ASEN5090_GNSS/Homework/HW7/jplg0790.14i
     1.0            IONOSPHERE MAPS     GPS                 IONEX VERSION / TYPE
GIM V3.0            JPL - GNISD         23-mar-2014 01:16   PGM / RUN BY / DATE 
JPL'S GLOBAL IONOSPHERE MAPS YEAR 2014 DAY 079              COMMENT             
Global Ionospheric Maps (GIM) are generated on an hourly    DESCRIPTION         
and daily basis at JPL using data from up to 100 GPS sites  DESCRIPTION         
of the IGS and others institutions.                         DESCRIPTION         
The vertical TEC is modeled in a solar-geomagnetic          DESCRIPTION         
reference frame using bi-cubic splines on a spherical grid. DESCRIPTION         
A Kalman filter is used to solve simultaneously for         DESCRIPTION         
instrumental biases and VTEC on the grid (as stochastic     DESCRIPTION         
parameters).                                                DESCRIPTION         
Contact Address:  gpsiono@cobra.jpl.nasa.gov .              DESCRIPTION         
  2014     3    20     0     0     0                        EPOCH OF FIRST MAP  
  2014     3    21     0     0     0                        EPOCH OF LAST MAP   
  7200                                                      INTERVAL            
    13                                                      # OF MAPS IN FILE   
  NONE                                                      MAPPING FUNCTION    
    10.0                                                    ELEVATION CUTOFF    
One-way carrier phase leveled to code                       OBSERVABLES USED    
   170                                                      # OF STATIONS       
    31                                                      # OF SATELLITES     
  6371.0                                                    BASE RADIUS         
     2                                                      MAP DIMENSION       
   450.0 450.0   0.0                                        HGT1 / HGT2 / DHGT  
    87.5 -87.5  -2.5                                        LAT1 / LAT2 / DLAT  
  -180.0 180.0   5.0                                        LON1 / LON2 / DLON  
    -1                                                      EXPONENT            
TEC/RMS values in 0.1 TECU; 9999, if no value available     COMMENT             
                                                            END OF HEADER       
[from data line 1287]
     4                                                      START OF TEC MAP    
  2014     3    20     6     0     0                        EPOCH OF CURRENT MAP
    87.5-180.0 180.0   5.0 450.0                            LAT/LON1/LON2/DLON/H
  321  320  318  317  315  314  312  310  309  307  305  303  301  299  297  296
  294  292  290  288  286  284  282  281  279  278  276  275  275  274  273  273
  273  273  274  275  276  277  279  280  282  284  287  289  292  294  297  299
  302  305  307  310  312  315  317  319  321  322  324  325  326  326  327  327
  327  327  327  326  325  325  324  322  321
    85.0-180.0 180.0   5.0 450.0                            LAT/LON1/LON2/DLON/H
  336  333  330  327  325  322  320  317  315  312  310  307  305  302  299  296
  292  289  285  282  278  274  271  267  264  260  258  255  253  251  250  249
  248  249  249  251  253  255  258  262  266  270  275  280  286  292  297  303
  309  314  320  325  330  334  338  342  345  348  351  352  354  354  354  354
  353  352  350  348  346  344  341  338  336
    82.5-180.0 180.0   5.0 450.0                            LAT/LON1/LON2/DLON/H
  340  335  330  326  322  319  317  315  313  311  310  308  306  303  301  297
  294  289  284  279  274  268  263  257  252  247  242  238  234  231  229  227
  227  227  228  229  232  236  241  246  253  260  267  275  284  292  301  309
  318  326  334  341  348  355  361  366  370  374  377  379  380  380  379  377
  375  372  368  364  360  355  350  345  340
    80.0-180.0 180.0   5.0 450.0                            LAT/LON1/LON2/DLON/H
  333  325  317  310  305  301  299  298  299  300  301  302  303  302  301  298
  295  290  284  278  271  264  256  249  242  236  230  224  219  215  212  210
  209  209  210  212  216  221  227  235  243  253  263  273  284  295  306  317
  328  338  348  357  365  373  380  386  391  395  398  400  400  399  398  395
  391  386  380  373  366  358  350  341  333
    77.5-180.0 180.0   5.0 450.0                            LAT/LON1/LON2/DLON/H
  318  305  293  283  276  271  269  270  273  279  285  291  296  299  300  299
  295  290  284  276  268  259  250  242  234  226  218  212  206  201  198  195
  194  194  196  200  205  211  219  228  238  250  262  275  288  301  314  326
  338  349  359  368  377  385  393  399  404  408  411  412  412  411  408  404
  399  392  385  376  367  356  344  331  318
    75.0-180.0 180.0   5.0 450.0                            LAT/LON1/LON2/DLON/H
  301  283  266  252  241  234  232  235  242  252  263  274  284  291  294  294
  291  286  280  272  263  253  243  233  224  215  207  200  193  188  184  182
  182  183  186  191  197  205  214  225  237  251  265  280  295  309  323  335
  346  357  366  375  383  391  398  404  410  414  416  417  416  414  411  406
  400  394  386  377  366  352  337  320  301
    72.5-180.0 180.0   5.0 450.0                            LAT/LON1/LON2/DLON/H
  293  269  246  226  210  199  196  200  209  221  236  250  263  273  279  281
  280  277  272  264  255  244  234  223  214  205  196  188  181  176  172  170
  171  173  177  183  191  201  212  225  239  255  271  287  303  319  332  345
  355  364  372  379  386  393  400  406  411  415  417  417  416  413  409  404
  399  393  386  378  367  353  335  315  293
    70.0-180.0 180.0   5.0 450.0                            LAT/LON1/LON2/DLON/H
  295  268  240  213  191  175  168  170  177  190  205  221  234  245  254  260
  263  264  261  254  244  233  222  212  202  192  184  176  170  164  161  159
  160  163  169  176  185  197  210  225  242  260  279  297  314  331  344  356
  365  372  378  384  389  395  402  408  413  416  418  417  415  411  407  402
  397  392  387  380  371  358  341  320  295
    67.5-180.0 180.0   5.0 450.0                            LAT/LON1/LON2/DLON/H
  307  279  248  217  189  167  153  148  152  161  174  188  201  212  223  233
  241  245  245  240  230  219  208  197  188  179  171  164  158  153  150  149
  150  154  160  167  177  190  205  223  243  265  286  307  327  344  359  370
  378  384  388  392  396  401  407  413  418  422  423  421  417  412  406  401
  396  392  388  384  377  366  351  332  307
    65.0-180.0 180.0   5.0 450.0                            LAT/LON1/LON2/DLON/H
  324  297  265  231  198  171  151  139  136  140  147  157  168  180  192  205
  216  224  226  222  212  201  190  180  172  164  157  151  147  143  141  140
  141  144  150  157  166  179  196  217  241  267  293  318  340  359  375  386
  394  398  402  404  408  413  419  426  431  434  434  430  425  418  410  403
  397  393  389  386  381  374  362  346  324
    62.5-180.0 180.0   5.0 450.0                            LAT/LON1/LON2/DLON/H
  339  315  284  249  214  182  157  140  131  128  129  134  141  152  164  179
  192  202  206  202  193  182  172  163  156  150  145  140  137  135  133  133
  133  135  139  145  154  166  185  209  236  267  298  327  353  374  391  404
  412  417  420  422  425  430  437  443  448  450  449  444  436  427  417  407
  399  393  388  384  380  376  368  357  339
    60.0-180.0 180.0   5.0 450.0                            LAT/LON1/LON2/DLON/H
  345  325  298  264  229  195  167  146  133  125  121  122  126  133  144  158
  172  182  187  183  175  165  156  148  143  139  135  132  131  129  128  128
  127  127  129  134  142  155  175  201  232  266  301  334  364  389  409  423
  432  437  441  443  446  451  457  462  466  467  465  458  449  437  425  412
  401  392  385  379  375  371  366  358  345
    57.5-180.0 180.0   5.0 450.0                            LAT/LON1/LON2/DLON/H
  343  326  302  272  239  206  177  155  139  128  121  119  120  125  133  144
  156  166  170  168  161  152  144  139  135  133  131  130  129  129  128  126
  124  123  123  126  134  148  169  197  230  266  303  340  374  403  426  442
  453  459  463  466  469  473  477  481  484  483  479  471  461  448  433  418
  404  391  380  372  367  363  359  354  343
    55.0-180.0 180.0   5.0 450.0                            LAT/LON1/LON2/DLON/H
  337  322  299  272  241  212  185  164  147  135  127  123  122  124  129  136
  146  155  159  158  152  145  140  136  135  134  134  134  133  133  132  129
  125  122  121  124  133  149  172  201  234  269  307  345  383  416  442  461
  474  482  487  490  492  494  496  497  497  494  489  481  469  455  440  423
  406  391  377  367  360  355  351  346  337
    52.5-180.0 180.0   5.0 450.0                            LAT/LON1/LON2/DLON/H
  332  316  294  269  241  214  190  171  156  144  136  131  128  127  129  134
  141  149  154  154  151  147  143  142  143  144  144  144  143  142  139  136
  130  126  125  129  141  160  185  214  245  277  312  351  391  428  458  480
  495  504  509  512  514  514  513  510  505  500  494  485  474  460  444  427
  409  393  378  366  357  351  347  341  332
    50.0-180.0 180.0   5.0 450.0                            LAT/LON1/LON2/DLON/H
  331  313  291  266  240  215  194  177  164  154  146  140  136  133  132  134
  139  147  153  156  156  154  153  154  156  158  159  159  157  155  151  146
  139  135  135  142  156  178  204  232  260  288  320  358  399  439  474  499
  516  526  531  534  534  532  527  520  512  505  497  488  476  463  447  431
  413  397  382  371  363  356  351  343  331
    47.5-180.0 180.0   5.0 450.0                            LAT/LON1/LON2/DLON/H
  338  317  293  267  241  218  198  182  171  163  155  149  143  139  136  136
  142  150  157  162  164  164  166  169  173  176  178  177  174  170  165  158
  152  148  149  159  176  200  227  254  278  302  330  366  408  450  488  517
  535  544  549  552  552  548  541  530  519  509  499  489  477  463  449  434
  418  403  390  381  374  368  362  353  338
    45.0-180.0 180.0   5.0 450.0                            LAT/LON1/LON2/DLON/H
  352  329  301  273  246  222  202  188  178  171  164  157  150  144  141  141
  147  157  165  171  174  177  181  186  191  195  197  196  192  187  180  173
  165  162  165  176  196  221  249  274  295  316  341  375  417  461  500  530
  549  558  563  565  565  562  554  542  529  516  504  491  477  463  449  436
  423  410  400  393  388  384  379  369  352
    42.5-180.0 180.0   5.0 450.0                            LAT/LON1/LON2/DLON/H
  371  344  313  283  254  229  207  192  184  179  174  167  159  152  147  148
  156  166  175  181  185  189  194  201  208  213  215  215  211  205  197  188
  180  176  180  192  212  238  265  290  310  329  353  386  427  470  509  539
  557  566  570  573  574  573  567  557  544  529  513  496  478  461  448  437
  428  419  411  407  404  402  398  389  371
    40.0-180.0 180.0   5.0 450.0                            LAT/LON1/LON2/DLON/H
  393  363  328  294  264  236  213  197  189  187  184  178  170  162  156  157
  165  177  187  192  196  201  208  215  224  230  233  233  229  222  212  202
  193  188  191  203  223  248  276  301  321  340  365  399  438  478  515  541
  557  565  571  576  582  585  585  579  568  551  530  506  483  462  448  440
  434  428  423  420  419  418  417  410  393
    37.5-180.0 180.0   5.0 450.0                            LAT/LON1/LON2/DLON/H
  415  383  343  306  273  243  218  201  194  195  196  193  186  175  167  166
  175  187  197  202  207  213  221  230  240  247  250  250  245  237  227  216
  205  198  199  209  228  253  281  308  330  351  379  413  450  486  516  538
  550  559  569  581  594  606  614  615  605  585  557  525  494  469  454  447
  444  440  437  435  433  433  435  432  415
    35.0-180.0 180.0   5.0 450.0                            LAT/LON1/LON2/DLON/H
  440  403  357  315  280  250  224  207  202  205  210  211  205  192  179  175
  183  195  204  210  216  224  235  246  257  264  267  265  260  251  240  227
  214  204  202  210  228  253  283  312  337  363  393  428  463  493  517  533
  543  554  570  592  617  642  661  669  660  635  598  556  516  485  468  462
  459  456  455  454  453  453  457  457  440
    32.5-180.0 180.0   5.0 450.0                            LAT/LON1/LON2/DLON/H
  472  428  374  325  286  256  233  217  213  218  226  229  225  210  192  183
  187  198  208  215  223  236  250  264  276  282  283  279  273  263  250  236
  221  208  202  208  224  250  282  315  344  374  409  445  476  501  518  529
  539  555  580  615  658  701  733  746  737  704  655  602  552  515  494  486
  482  478  478  482  483  484  488  490  472
    30.0-180.0 180.0   5.0 450.0                            LAT/LON1/LON2/DLON/H
  516  466  404  347  302  270  247  233  229  235  242  246  242  226  203  189
  189  199  208  217  230  248  267  284  297  302  299  292  283  272  258  242
  224  208  199  202  217  244  280  316  350  385  423  459  488  508  521  531
  543  566  604  656  719  781  826  843  829  785  724  659  601  557  533  522
  513  507  511  522  529  529  533  535  516
    27.5-180.0 180.0   5.0 450.0                            LAT/LON1/LON2/DLON/H
  577  524  456  392  342  306  280  263  254  254  257  258  254  237  212  193
  191  198  208  220  237  260  284  305  319  323  316  305  293  279  262  243
  222  204  193  193  207  237  276  317  355  393  433  471  498  515  527  538
  556  588  638  706  787  867  922  939  919  866  795  721  657  609  582  567
  553  544  553  576  593  595  597  597  577
    25.0-180.0 180.0   5.0 450.0                            LAT/LON1/LON2/DLON/H
  660  611  543  476  421  379  344  316  295  281  272  265  258  242  218  197
  192  199  210  224  244  272  302  327  343  346  334  318  301  284  264  240
  216  196  183  182  197  228  271  316  357  398  439  476  502  520  535  552
  576  616  676  755  849  939 1000 1017  992  933  856  780  716  669  640  620
  601  589  603  639  667  673  674  676  660
    22.5-180.0 180.0   5.0 450.0                            LAT/LON1/LON2/DLON/H
  755  723  669  610  555  502  450  401  358  325  298  277  262  245  222  202
  196  203  217  232  254  285  318  347  367  369  354  331  310  288  262  233
  205  184  172  171  186  219  265  313  357  399  440  475  501  523  544  568
  599  644  709  793  890  981 1040 1055 1030  972  898  828  773  732  704  681
  657  642  661  706  743  751  752  759  755
    20.0-180.0 180.0   5.0 450.0                            LAT/LON1/LON2/DLON/H
  845  838  812  778  739  685  608  524  452  394  345  306  280  259  235  212
  205  214  229  245  267  298  333  366  390  394  374  344  317  290  259  224
  193  171  160  160  176  211  260  309  354  397  437  471  499  526  555  586
  621  668  732  810  897  975 1025 1040 1022  974  914  862  824  795  771  748
  721  704  722  770  810  818  820  832  845
    17.5-180.0 180.0   5.0 450.0                            LAT/LON1/LON2/DLON/H
  908  932  943  947  938  893  800  686  582  496  423  366  325  294  263  235
  224  232  248  263  281  310  346  382  409  415  391  355  322  291  254  214
  180  159  150  151  169  205  255  305  351  393  433  467  498  530  567  604
  641  683  740  806  874  930  968  985  980  951  911  883  867  854  837  816
  789  771  783  822  856  861  862  879  908
    15.0-180.0 180.0   5.0 450.0                            LAT/LON1/LON2/DLON/H
  923  976 1029 1078 1108 1083  984  852  729  627  541  468  409  360  315  276
  257  261  275  285  298  321  355  392  422  429  402  361  323  288  248  205
  170  149  142  145  164  202  251  302  348  391  430  466  501  539  583  623
  657  693  739  791  836  868  892  913  924  915  899  895  902  905  895  876
  853  835  839  862  880  876  869  884  923
    12.5-180.0 180.0   5.0 450.0                            LAT/LON1/LON2/DLON/H
  882  950 1037 1131 1204 1208 1119  986  862  760  675  602  532  462  396  339
  307  303  310  312  316  331  360  395  425  431  403  358  318  282  241  198
  163  143  137  142  163  201  249  300  347  391  432  470  509  552  599  641
  672  700  737  775  800  810  821  846  872  883  886  902  926  941  938  923
  905  889  884  890  890  872  851  849  882
    10.0-180.0 180.0   5.0 450.0                            LAT/LON1/LON2/DLON/H
  807  869  966 1080 1184 1223 1164 1053  948  862  795  733  662  579  494  421
  373  357  353  343  334  339  360  389  415  419  389  345  306  271  232  192
  160  141  135  141  164  202  250  300  348  394  438  479  520  566  615  657
  685  708  739  769  781  775  777  807  844  867  883  907  938  958  958  948
  936  924  918  911  895  863  823  795  807
     7.5-180.0 180.0   5.0 450.0                            LAT/LON1/LON2/DLON/H
  727  767  851  959 1064 1118 1092 1021  955  903  867  829  767  680  586  500
  441  413  397  373  351  345  356  376  394  393  364  324  288  257  224  188
  159  142  136  144  167  205  252  303  352  399  444  487  529  576  625  668
  696  720  751  781  790  777  774  803  843  871  889  912  939  955  955  947
  940  937  937  930  906  862  803  746  727
     5.0-180.0 180.0   5.0 450.0                            LAT/LON1/LON2/DLON/H
  673  680  734  812  894  943  937  899  869  855  858  854  814  738  646  559
  495  459  432  396  362  346  347  357  366  360  333  298  268  243  215  186
  162  146  141  149  172  210  256  306  356  404  449  492  534  579  627  671
  704  734  771  807  818  805  799  825  862  887  902  916  930  937  934  926
  923  929  944  950  931  883  809  726  673
     2.5-180.0 180.0   5.0 450.0                            LAT/LON1/LON2/DLON/H
  676  646  656  687  728  757  756  738  729  737  763  786  775  725  653  579
  519  481  448  405  363  340  336  338  338  327  302  273  249  230  209  187
  167  153  149  156  178  215  260  310  359  406  450  491  530  572  620  667
  707  746  793  837  856  847  842  862  892  910  916  917  916  911  902  893
  891  907  940  967  963  921  847  754  676
