ASEN5090_GNSS/Homework/HW7/jplg0790.09i
     1.0            IONOSPHERE MAPS     GPS                 IONEX VERSION / TYPE
GIM V3.0            JPL - GNISD         25-mar-2009 01:07   PGM / RUN BY / DATE 
JPL'S GLOBAL IONOSPHERE MAPS YEAR 2009 DAY 079              COMMENT             
Global Ionospheric Maps (GIM) are generated on an hourly    DESCRIPTION         
and daily basis at JPL using data from up to 100 GPS sites  DESCRIPTION         
of the IGS and others institutions.                         DESCRIPTION         
The vertical TEC is modeled in a solar-geomagnetic          DESCRIPTION         
reference frame using bi-cubic splines on a spherical grid. DESCRIPTION         
A Kalman filter is used to solve simultaneously for         DESCRIPTION         
instrumental biases and VTEC on the grid (as stochastic     DESCRIPTION         
parameters).                                                DESCRIPTION         
Contact Address:  gpsiono@cobra.jpl.nasa.gov .              DESCRIPTION         
  2009     3    20     0     0     0                        EPOCH OF FIRST MAP  
  2009     3    21     0     0     0                        EPOCH OF LAST MAP   
  7200                                                      INTERVAL            
    13                                                      # OF MAPS IN FILE   
  NONE                                                      MAPPING FUNCTION    
    10.0                                                    ELEVATION CUTOFF    
One-way carrier phase leveled to code                       OBSERVABLES USED    
   180                                                      # OF STATIONS       
    31                                                      # OF SATELLITES     
  6371.0                                                    BASE RADIUS         
     2                                                      MAP DIMENSION       
   450.0 450.0   0.0                                        HGT1 / HGT2 / DHGT  
    87.5 -87.5  -2.5                                        LAT1 / LAT2 / DLAT  
  -180.0 180.0   5.0                                        LON1 / LON2 / DLON  
    -1                                                      EXPONENT            
TEC/RMS values in 0.1 TECU; 9999, if no value available     COMMENT             
                                                            END OF HEADER       
[from data line 1716]
     5                                                      START OF TEC MAP    
  2009     3    20     8     0     0                        EPOCH OF CURRENT MAP
    87.5-180.0 180.0   5.0 450.0                            LAT/LON1/LON2/DLON/H
   54   54   53   53   53   52   52   52   52   52   52   52   52   52   52   53
   53   53   53   54   54   55   55   55   56   56   57   57   58   58   59   59
   60   60   61   61   61   62   62   62   62   63   63   63   63   63   63   63
   63   63   63   62   62   62   62   61   61   61   60   60   60   59   59   58
   58   57   57   56   56   55   55   54   54
    85.0-180.0 180.0   5.0 450.0                            LAT/LON1/LON2/DLON/H
   50   49   48   48   47   47   46   46   46   45   45   45   46   46   46   47
   47   48   48   49   50   51   51   52   53   54   55   56   57   58   59   60
   61   62   63   63   64   65   65   66   66   66   66   67   67   67   66   66
   66   66   66   65   65   65   64   64   63   63   62   62   61   60   59   58
   57   56   55   54   54   53   52   51   50
    82.5-180.0 180.0   5.0 450.0                            LAT/LON1/LON2/DLON/H
   46   45   44   43   43   42   41   41   40   40   40   40   40   40   41   41
   42   43   44   45   46   47   48   49   50   51   53   54   55   57   58   60
   61   63   64   65   67   68   69   69   70   70   70   70   70   70   70   69
   69   69   68   68   68   67   67   66   65   65   64   63   62   61   60   59
   57   56   54   53   52   50   49   48   46
    80.0-180.0 180.0   5.0 450.0                            LAT/LON1/LON2/DLON/H
   45   44   42   41   40   40   39   38   37   37   36   36   36   37   37   38
   39   39   40   42   43   44   45   46   47   48   50   51   53   55   56   58
   60   62   65   67   68   70   72   73   73   74   74   74   74   74   73   73
   72   72   71   71   70   70   69   68   68   67   66   65   64   62   61   59
   58   56   54   52   51   49   48   46   45
    77.5-180.0 180.0   5.0 450.0                            LAT/LON1/LON2/DLON/H
   45   44   43   41   40   39   38   37   36   35   34   34   34   34   34   35
   36   37   39   40   41   42   43   44   44   45   47   48   49   51   53   56
   58   61   63   66   69   71   73   75   77   78   78   78   78   78   77   77
   76   75   75   74   74   73   72   71   70   69   68   67   65   64   62   60
   59   57   55   53   51   50   48   46   45
    75.0-180.0 180.0   5.0 450.0                            LAT/LON1/LON2/DLON/H
   47   46   44   43   41   40   38   37   35   34   33   32   32   32   33   34
   36   37   38   39   40   41   41   42   42   43   43   45   46   48   50   53
   56   59   62   65   68   71   74   77   79   80   81   82   82   82   82   81
   81   80   80   79   78   77   76   75   74   72   71   69   67   66   64   62
   61   59   57   55   54   52   50   48   47
    72.5-180.0 180.0   5.0 450.0                            LAT/LON1/LON2/DLON/H
   50   48   46   45   43   41   39   37   35   34   33   32   32   32   33   35
   36   38   39   40   40   40   40   40   40   40   40   41   43   45   48   50
   54   57   60   64   67   71   74   77   80   82   83   84   85   85   86   86
   86   86   85   85   84   82   81   79   77   75   73   71   69   68   66   65
   63   62   60   58   57   55   53   51   50
    70.0-180.0 180.0   5.0 450.0                            LAT/LON1/LON2/DLON/H
   53   50   48   46   44   41   39   37   35   34   33   32   32   33   34   36
   37   38   40   40   40   40   39   38   38   37   37   38   40   42   45   49
   52   56   60   63   67   70   74   77   79   82   83   85   86   88   89   90
   91   91   91   90   89   87   85   82   80   78   75   73   71   69   68   66
   65   64   63   62   60   59   57   55   53
    67.5-180.0 180.0   5.0 450.0                            LAT/LON1/LON2/DLON/H
   55   52   49   46   43   41   39   37   36   34   33   33   34   34   36   37
   38   39   40   40   39   38   37   36   35   34   34   34   36   40   43   48
   52   56   60   63   67   70   73   76   79   81   83   85   87   89   91   93
   95   96   96   94   93   90   87   84   82   79   76   74   71   70   68   67
   67   66   65   64   63   62   60   57   55
    65.0-180.0 180.0   5.0 450.0                            LAT/LON1/LON2/DLON/H
   56   52   49   46   43   40   38   37   36   35   35   35   35   36   37   38
   39   39   39   39   38   36   34   32   31   30   30   31   33   37   42   47
   52   57   61   64   67   70   73   75   78   80   83   85   87   90   93   96
   98   99   99   97   94   91   88   85   82   79   76   73   71   70   68   67
   67   66   66   66   65   64   62   59   56
    62.5-180.0 180.0   5.0 450.0                            LAT/LON1/LON2/DLON/H
   56   52   49   45   42   40   38   37   36   36   36   36   36   37   38   38
   39   39   38   37   35   33   31   29   27   26   26   28   31   36   41   47
   53   58   62   65   68   71   73   75   78   80   83   86   89   92   95   98
  100  101  100   98   95   91   88   84   81   78   76   73   71   69   68   67
   66   65   65   65   65   64   62   60   56
    60.0-180.0 180.0   5.0 450.0                            LAT/LON1/LON2/DLON/H
   56   52   49   46   43   41   39   38   38   37   37   37   37   38   38   38
   38   38   37   35   32   30   28   26   24   24   25   27   30   35   41   48
   54   60   64   67   70   72   74   76   79   82   85   88   92   95   98  100
  102  103  101   99   95   91   88   85   82   79   77   75   73   71   69   67
   66   65   64   65   65   64   62   59   56
    57.5-180.0 180.0   5.0 450.0                            LAT/LON1/LON2/DLON/H
   56   53   51   48   46   44   42   41   40   40   39   39   39   38   38   38
   37   36   35   33   30   28   26   25   24   24   25   27   31   36   43   50
   57   62   67   70   72   74   76   79   82   86   90   93   96   99  102  104
  105  105  103  100   97   93   90   87   85   83   82   80   78   76   73   70
   67   66   65   65   65   64   62   59   56
    55.0-180.0 180.0   5.0 450.0                            LAT/LON1/LON2/DLON/H
   57   55   54   53   51   49   46   45   44   43   43   42   40   39   38   37
   36   35   34   32   30   29   28   28   27   28   29   31   35   40   46   53
   60   66   70   73   75   76   79   82   87   92   96  100  103  105  107  108
  109  108  106  103  100   98   95   93   92   92   91   90   88   85   81   77
   73   70   68   67   66   65   63   60   57
    52.5-180.0 180.0   5.0 450.0                            LAT/LON1/LON2/DLON/H
   60   59   59   59   58   55   52   50   49   48   47   46   44   41   39   37
   36   34   33   32   31   31   32   33   34   35   36   38   41   45   51   57
   64   70   73   76   78   79   82   86   92   98  104  108  111  113  113  114
  113  112  111  109  107  105  104  103  103  103  103  102  101   98   93   88
   83   79   75   73   71   69   65   62   60
    50.0-180.0 180.0   5.0 450.0                            LAT/LON1/LON2/DLON/H
   64   64   65   65   64   61   58   57   56   56   55   52   49   45   42   39
   37   35   34   34   34   36   39   41   43   44   44   46   48   51   55   62
   68   74   77   79   81   83   86   91   97  104  111  116  119  121  121  121
  120  118  117  116  115  114  113  113  113  114  115  115  113  111  106  101
   95   89   85   82   79   75   71   67   64
    47.5-180.0 180.0   5.0 450.0                            LAT/LON1/LON2/DLON/H
   70   69   69   70   69   66   64   63   64   64   64   61   57   52   47   43
   40   38   38   38   39   42   46   50   53   53   53   53   54   56   60   65
   72   78   82   83   85   87   90   95  102  110  118  124  127  129  129  128
  127  125  124  124  123  122  120  120  120  121  123  123  122  120  116  111
  106  100   96   92   88   83   78   73   70
    45.0-180.0 180.0   5.0 450.0                            LAT/LON1/LON2/DLON/H
   76   73   73   72   71   69   67   68   71   73   74   72   68   62   55   50
   46   44   43   43   45   49   54   59   61   62   61   60   59   60   63   69
   76   82   86   88   89   91   95  100  107  115  123  130  134  136  136  135
  134  133  132  131  130  127  124  122  121  122  123  124  124  123  121  117
  113  109  105  100   96   90   85   80   76
    42.5-180.0 180.0   5.0 450.0                            LAT/LON1/LON2/DLON/H
   80   76   74   72   70   68   68   71   76   81   83   83   79   72   65   58
   54   52   51   51   52   56   61   66   69   69   67   65   63   63   66   71
   79   87   91   94   95   97  101  105  111  119  127  135  140  142  142  142
  142  141  140  138  134  128  122  117  114  114  115  117  118  118  118  116
  115  114  111  106  102   96   91   85   80
    40.0-180.0 180.0   5.0 450.0                            LAT/LON1/LON2/DLON/H
   83   78   74   70   67   66   67   72   79   86   91   92   90   83   75   68
   64   61   60   59   60   63   67   71   74   74   71   68   65   65   67   73
   82   91   97  100  102  104  107  111  116  123  131  139  144  146  147  148
  149  150  149  145  137  128  118  111  106  105  105  107  108  109  110  111
  113  114  112  109  104   99   94   88   83
    37.5-180.0 180.0   5.0 450.0                            LAT/LON1/LON2/DLON/H
   83   78   73   68   64   63   65   71   80   90   97  101   99   93   84   77
   73   70   68   67   67   69   72   75   77   76   74   70   67   66   69   76
   86   96  103  107  109  111  114  117  120  126  134  142  147  149  150  152
  157  161  161  155  144  132  121  111  104  101  101  101  102  102  103  106
  109  113  113  109  103   98   93   89   83
    35.0-180.0 180.0   5.0 450.0                            LAT/LON1/LON2/DLON/H
   82   77   71   66   62   61   63   70   80   91  100  106  106  101   92   85
   80   77   75   73   73   74   76   78   79   78   74   70   67   67   71   78
   90  101  109  114  116  118  120  121  124  130  138  145  149  151  153  158
  167  176  178  171  159  147  135  124  117  112  109  108  106  104  103  104
  109  113  114  109  103   98   93   88   82
    32.5-180.0 180.0   5.0 450.0                            LAT/LON1/LON2/DLON/H
   82   77   71   66   62   60   62   69   79   90  101  109  111  106   97   90
   85   82   80   78   77   77   78   79   79   77   74   70   68   68   72   81
   93  106  115  119  122  124  125  125  128  134  143  150  153  155  158  167
  181  196  202  196  186  176  168  158  150  143  138  134  128  120  114  111
  113  117  118  114  107  100   94   88   82
    30.0-180.0 180.0   5.0 450.0                            LAT/LON1/LON2/DLON/H
   84   78   72   67   63   62   63   68   77   88  100  109  111  107  100   92
   87   84   82   81   80   80   79   79   77   75   72   69   67   69   74   84
   97  110  119  123  126  127  127  127  131  139  149  156  159  162  168  181
  202  223  234  231  225  221  218  211  201  192  184  176  165  151  138  128
  126  128  129  124  116  107   99   91   84
    27.5-180.0 180.0   5.0 450.0                            LAT/LON1/LON2/DLON/H
   90   82   75   71   67   65   66   69   75   85   95  104  108  105   99   92
   87   84   83   82   82   81   79   78   76   73   70   68   67   69   75   86
  100  113  121  125  127  128  128  129  134  144  156  164  169  174  184  202
  229  256  270  271  268  271  273  269  258  246  236  225  209  189  169  152
  144  144  144  140  132  122  111  100   90
    25.0-180.0 180.0   5.0 450.0                            LAT/LON1/LON2/DLON/H
  100   88   80   76   72   70   69   70   74   80   88   96  100   99   95   90
   86   84   83   83   82   81   79   77   74   72   69   66   66   69   76   88
  103  115  121  124  126  128  129  131  138  151  166  176  183  191  205  228
  259  288  305  307  307  315  322  320  307  294  283  272  254  229  203  179
  165  162  163  160  153  142  129  114  100
    22.5-180.0 180.0   5.0 450.0                            LAT/LON1/LON2/DLON/H
  112   97   87   82   79   76   74   73   74   76   80   85   89   90   88   85
   83   82   82   82   82   81   79   76   74   71   69   66   65   68   76   89
  104  116  121  122  125  128  131  135  144  160  177  190  199  211  228  253
  284  313  329  331  333  342  352  350  336  322  314  305  289  265  235  206
  186  180  181  180  175  164  149  131  112
    20.0-180.0 180.0   5.0 450.0                            LAT/LON1/LON2/DLON/H
  125  106   95   89   85   82   80   78   77   74   73   76   79   80   80   80
   80   80   81   81   81   80   79   77   75   73   70   66   64   67   76   90
  105  116  120  121  124  129  135  142  154  172  190  204  216  230  249  272
  300  324  336  336  336  344  352  349  336  325  322  320  311  290  261  230
  206  197  197  197  193  184  168  147  125
    17.5-180.0 180.0   5.0 450.0                            LAT/LON1/LON2/DLON/H
  137  116  104   98   94   89   87   86   83   76   71   70   71   73   74   76
   77   79   79   80   80   79   79   78   77   75   72   67   63   65   75   89
  105  116  119  120  124  132  141  151  165  183  202  217  231  246  263  282
  301  316  322  319  318  325  331  327  315  309  313  320  319  306  281  249
  223  210  207  208  206  198  183  162  137
    15.0-180.0 180.0   5.0 450.0                            LAT/LON1/LON2/DLON/H
  147  126  115  109  104   99   96   97   93   83   74   70   69   70   72   74
   76   78   79   79   79   79   79   79   79   78   74   68   62   64   73   88
  104  116  119  120  125  136  148  161  176  194  212  228  242  256  269  280
  288  294  294  291  290  295  300  297  288  286  297  312  319  313  293  263
  235  219  213  212  211  205  192  171  147
    12.5-180.0 180.0   5.0 450.0                            LAT/LON1/LON2/DLON/H
  153  135  127  123  117  110  108  109  105   94   82   76   75   74   74   75
   77   78   79   78   77   78   79   80   80   79   76   68   62   63   72   86
  102  114  120  122  128  139  154  169  184  202  218  233  247  260  268  271
  270  268  264  261  263  269  274  273  267  268  282  301  312  311  296  269
  243  224  214  212  211  206  195  176  153
    10.0-180.0 180.0   5.0 450.0                            LAT/LON1/LON2/DLON/H
  159  144  141  139  133  125  122  123  119  106   93   87   85   83   81   80
   80   80   79   78   77   77   78   80   81   79   75   68   61   61   70   84
   99  112  119  123  130  142  157  173  189  206  221  235  248  260  264  261
  253  246  241  241  247  257  266  269  265  266  277  292  302  302  290  268
  244  225  213  208  207  203  193  178  159
     7.5-180.0 180.0   5.0 450.0                            LAT/LON1/LON2/DLON/H
  163  155  156  158  151  141  137  138  132  117  104   99   98   95   90   87
   85   83   81   79   76   76   78   80   80   77   73   66   60   60   68   81
   96  110  119  124  131  143  157  173  189  205  219  232  246  257  259  253
  245  238  236  240  250  266  281  287  284  280  283  288  290  286  276  259
  240  223  210  204  201  196  189  177  163
     5.0-180.0 180.0   5.0 450.0                            LAT/LON1/LON2/DLON/H
  167  166  172  177  170  159  153  151  143  126  113  109  109  106  100   95
   90   87   84   80   77   75   77   78   78   74   70   64   59   59   66   78
   93  107  117  124  131  142  155  169  185  201  215  227  241  252  256  252
  248  246  248  256  268  288  309  319  314  303  295  288  278  268  257  245
  231  218  206  199  194  188  182  175  167
     2.5-180.0 180.0   5.0 450.0                            LAT/LON1/LON2/DLON/H
  172  177  188  194  188  176  168  163  151  132  119  116  117  115  109  102
   96   91   87   82   78   75   76   77   75   71   66   62   58   58   64   76
   90  104  114  122  130  139  150  162  177  194  207  220  234  247  254  256
  259  263  270  279  292  314  340  352  345  328  309  289  269  250  238  229
  221  211  201  193  186  179  174  172  172
