X_10 = [-0.839071529 -0.544021111 0.544021111 -0.839071529]';
Xref_10 = [-0.839031098 -0.544071486 0.544076120 -0.839041244]';
STM_10 = [
-19.2966256457 -1.0006879878 -1.5447201290 -20.5926143845;
24.5397692514 2.5430960879 3.3820784890 24.9961730379;
-26.6289271603 -1.2471273777 -2.0861152900 -27.5419186679;
-15.0755754737 -1.4570935549 -2.0011404762 -14.6675608525];

dX_10 = [-0.000040431037 0.000050375590 -0.000055009526 -0.000030284890]';
STM_dX_10 = [-0.000040433272 0.000050374925 -0.000055009834 -0.000030287183]';
% ?X(t1) ? ?(t1, t0)?X(t0) = 
% 0.000000002235 0.000000000665 0.000000000308 0.000000002293T
% 2